# Created by Octave 5.2.0, Tue Oct 26 13:22:30 2021 CEST <omen@omen-linux>
# name: ans
# type: sparse matrix
# nnz: 1089
# rows: 81
# columns: 81
1 1 0.0099999999999999985
2 1 0.0049999999999999992
3 1 0.0016666666666666666
10 1 0.0049999999999999992
11 1 0.0025000000000000005
12 1 0.0008333333333333335
19 1 0.0016666666666666661
20 1 0.00083333333333333339
21 1 0.00027777777777777789
1 2 0.0050000000000000001
2 2 0.0066666666666666662
3 2 0.0050000000000000001
10 2 0.0025000000000000005
11 2 0.0033333333333333344
12 2 0.0025000000000000005
19 2 0.00083333333333333339
20 2 0.0011111111111111115
21 2 0.0008333333333333336
1 3 0.0016666666666666666
2 3 0.0050000000000000001
3 3 0.01999999999999999
4 3 0.0050000000000000001
5 3 0.0016666666666666666
10 3 0.0008333333333333335
11 3 0.0025000000000000005
12 3 0.0099999999999999933
13 3 0.0025000000000000009
14 3 0.0008333333333333335
19 3 0.00027777777777777789
20 3 0.0008333333333333336
21 3 0.0033333333333333331
22 3 0.00083333333333333339
23 3 0.00027777777777777789
3 4 0.0050000000000000001
4 4 0.0066666666666666662
5 4 0.0050000000000000001
12 4 0.0025000000000000009
13 4 0.0033333333333333344
14 4 0.0025000000000000005
21 4 0.00083333333333333339
22 4 0.0011111111111111115
23 4 0.0008333333333333336
3 5 0.0016666666666666666
4 5 0.0050000000000000001
5 5 0.019999999999999983
6 5 0.0049999999999999984
7 5 0.0016666666666666666
12 5 0.0008333333333333335
13 5 0.0025000000000000005
14 5 0.0099999999999999915
15 5 0.0025000000000000005
16 5 0.0008333333333333335
21 5 0.00027777777777777789
22 5 0.0008333333333333336
23 5 0.0033333333333333327
24 5 0.00083333333333333339
25 5 0.00027777777777777794
5 6 0.0049999999999999984
6 6 0.0066666666666666662
7 6 0.0050000000000000001
14 6 0.0025000000000000005
15 6 0.0033333333333333344
16 6 0.0025000000000000009
23 6 0.00083333333333333339
24 6 0.0011111111111111118
25 6 0.00083333333333333371
5 7 0.0016666666666666666
6 7 0.0050000000000000001
7 7 0.019999999999999997
8 7 0.0049999999999999966
9 7 0.0016666666666666672
14 7 0.0008333333333333335
15 7 0.0025000000000000009
16 7 0.0099999999999999985
17 7 0.0024999999999999988
18 7 0.00083333333333333393
23 7 0.00027777777777777789
24 7 0.00083333333333333371
25 7 0.0033333333333333348
26 7 0.00083333333333333306
27 7 0.00027777777777777799
7 8 0.0049999999999999966
8 8 0.0066666666666666688
9 8 0.005000000000000001
16 8 0.0024999999999999988
17 8 0.0033333333333333357
18 8 0.0025000000000000009
25 8 0.00083333333333333306
26 8 0.001111111111111112
27 8 0.00083333333333333371
7 9 0.0016666666666666672
8 9 0.005000000000000001
9 9 0.0099999999999999898
16 9 0.00083333333333333393
17 9 0.0025000000000000009
18 9 0.0049999999999999975
25 9 0.00027777777777777799
26 9 0.00083333333333333371
27 9 0.0016666666666666657
1 10 0.0049999999999999992
2 10 0.0025000000000000005
3 10 0.00083333333333333339
10 10 0.0066666666666666662
11 10 0.0033333333333333335
12 10 0.0011111111111111115
19 10 0.0050000000000000001
20 10 0.0025000000000000005
21 10 0.0008333333333333336
1 11 0.0025000000000000005
2 11 0.0033333333333333335
3 11 0.0025000000000000005
10 11 0.0033333333333333335
11 11 0.0044444444444444462
12 11 0.0033333333333333344
19 11 0.0025000000000000005
20 11 0.0033333333333333344
21 11 0.0025000000000000005
1 12 0.00083333333333333339
2 12 0.0025000000000000005
3 12 0.0099999999999999933
4 12 0.0025000000000000009
5 12 0.00083333333333333339
10 12 0.0011111111111111115
11 12 0.0033333333333333344
12 12 0.013333333333333332
13 12 0.0033333333333333344
14 12 0.0011111111111111115
19 12 0.0008333333333333336
20 12 0.0025000000000000005
21 12 0.009999999999999995
22 12 0.0025000000000000014
23 12 0.0008333333333333336
3 13 0.0025000000000000009
4 13 0.003333333333333334
5 13 0.0025000000000000005
12 13 0.0033333333333333344
13 13 0.0044444444444444462
14 13 0.0033333333333333344
21 13 0.0025000000000000014
22 13 0.0033333333333333344
23 13 0.0025000000000000005
3 14 0.0008333333333333335
4 14 0.0025000000000000005
5 14 0.0099999999999999915
6 14 0.0025000000000000005
7 14 0.0008333333333333335
12 14 0.0011111111111111115
13 14 0.0033333333333333344
14 14 0.013333333333333331
15 14 0.0033333333333333335
16 14 0.0011111111111111118
21 14 0.0008333333333333336
22 14 0.0025000000000000005
23 14 0.0099999999999999933
24 14 0.0025000000000000009
25 14 0.0008333333333333335
5 15 0.0025000000000000005
6 15 0.0033333333333333344
7 15 0.0025000000000000005
14 15 0.0033333333333333335
15 15 0.004444444444444447
16 15 0.0033333333333333348
23 15 0.0025000000000000009
24 15 0.0033333333333333344
25 15 0.0025000000000000009
5 16 0.0008333333333333335
6 16 0.0025000000000000009
7 16 0.0099999999999999985
8 16 0.0024999999999999988
9 16 0.00083333333333333393
14 16 0.0011111111111111118
15 16 0.0033333333333333348
16 16 0.013333333333333339
17 16 0.0033333333333333322
18 16 0.001111111111111112
23 16 0.0008333333333333335
24 16 0.0025000000000000014
25 16 0.0099999999999999985
26 16 0.0025000000000000001
27 16 0.00083333333333333404
7 17 0.0024999999999999988
8 17 0.0033333333333333357
9 17 0.0025000000000000009
16 17 0.0033333333333333322
17 17 0.0044444444444444479
18 17 0.0033333333333333348
25 17 0.0024999999999999992
26 17 0.0033333333333333361
27 17 0.0025000000000000009
7 18 0.00083333333333333393
8 18 0.0025000000000000009
9 18 0.0049999999999999975
16 18 0.001111111111111112
17 18 0.0033333333333333348
18 18 0.0066666666666666628
25 18 0.00083333333333333404
26 18 0.0025000000000000009
27 18 0.0049999999999999984
1 19 0.0016666666666666661
2 19 0.00083333333333333339
3 19 0.00027777777777777789
10 19 0.0050000000000000001
11 19 0.0025000000000000005
12 19 0.0008333333333333336
19 19 0.019999999999999993
20 19 0.0099999999999999967
21 19 0.0033333333333333331
28 19 0.0050000000000000001
29 19 0.0025000000000000009
30 19 0.00083333333333333371
37 19 0.0016666666666666666
38 19 0.00083333333333333339
39 19 0.00027777777777777789
1 20 0.00083333333333333339
2 20 0.0011111111111111115
3 20 0.0008333333333333336
10 20 0.0025000000000000005
11 20 0.0033333333333333344
12 20 0.0025000000000000005
19 20 0.0099999999999999967
20 20 0.013333333333333332
21 20 0.0099999999999999967
28 20 0.0025000000000000005
29 20 0.0033333333333333348
30 20 0.0025000000000000009
37 20 0.00083333333333333339
38 20 0.0011111111111111115
39 20 0.0008333333333333336
1 21 0.00027777777777777789
2 21 0.0008333333333333336
3 21 0.0033333333333333331
4 21 0.00083333333333333339
5 21 0.00027777777777777789
10 21 0.0008333333333333336
11 21 0.0025000000000000005
12 21 0.009999999999999995
13 21 0.0025000000000000014
14 21 0.0008333333333333336
19 21 0.0033333333333333327
20 21 0.0099999999999999967
21 21 0.039999999999999966
22 21 0.0099999999999999985
23 21 0.0033333333333333331
28 21 0.00083333333333333371
29 21 0.0025000000000000009
30 21 0.0099999999999999933
31 21 0.0025000000000000009
32 21 0.00083333333333333371
37 21 0.00027777777777777789
38 21 0.0008333333333333336
39 21 0.0033333333333333331
40 21 0.0008333333333333336
41 21 0.00027777777777777789
3 22 0.00083333333333333339
4 22 0.0011111111111111115
5 22 0.0008333333333333336
12 22 0.0025000000000000014
13 22 0.0033333333333333344
14 22 0.0025000000000000005
21 22 0.01
22 22 0.013333333333333334
23 22 0.0099999999999999967
30 22 0.0025000000000000009
31 22 0.0033333333333333348
32 22 0.0025000000000000009
39 22 0.0008333333333333336
40 22 0.0011111111111111115
41 22 0.0008333333333333336
3 23 0.00027777777777777789
4 23 0.0008333333333333336
5 23 0.0033333333333333327
6 23 0.00083333333333333339
7 23 0.00027777777777777789
12 23 0.0008333333333333336
13 23 0.0025000000000000005
14 23 0.0099999999999999915
15 23 0.0025000000000000009
16 23 0.0008333333333333335
21 23 0.0033333333333333327
22 23 0.0099999999999999967
23 23 0.039999999999999959
24 23 0.0099999999999999985
25 23 0.0033333333333333322
30 23 0.00083333333333333371
31 23 0.0025000000000000009
32 23 0.0099999999999999915
33 23 0.0025000000000000005
34 23 0.0008333333333333336
39 23 0.00027777777777777789
40 23 0.0008333333333333336
41 23 0.0033333333333333327
42 23 0.00083333333333333339
43 23 0.00027777777777777794
5 24 0.00083333333333333339
6 24 0.0011111111111111118
7 24 0.00083333333333333371
14 24 0.0025000000000000009
15 24 0.0033333333333333344
16 24 0.0025000000000000014
23 24 0.0099999999999999985
24 24 0.013333333333333329
25 24 0.0099999999999999985
32 24 0.0025000000000000005
33 24 0.0033333333333333344
34 24 0.0025000000000000014
41 24 0.00083333333333333339
42 24 0.0011111111111111118
43 24 0.00083333333333333371
5 25 0.00027777777777777789
6 25 0.00083333333333333371
7 25 0.0033333333333333348
8 25 0.00083333333333333306
9 25 0.00027777777777777799
14 25 0.0008333333333333335
15 25 0.0025000000000000014
16 25 0.0099999999999999985
17 25 0.0024999999999999992
18 25 0.00083333333333333404
23 25 0.0033333333333333322
24 25 0.0099999999999999985
25 25 0.039999999999999987
26 25 0.0099999999999999933
27 25 0.003333333333333334
32 25 0.0008333333333333336
33 25 0.0025000000000000014
34 25 0.0099999999999999985
35 25 0.0024999999999999992
36 25 0.00083333333333333393
41 25 0.00027777777777777789
42 25 0.00083333333333333371
43 25 0.0033333333333333348
44 25 0.00083333333333333306
45 25 0.00027777777777777799
7 26 0.00083333333333333306
8 26 0.001111111111111112
9 26 0.00083333333333333371
16 26 0.0024999999999999992
17 26 0.0033333333333333361
18 26 0.0025000000000000009
25 26 0.0099999999999999933
26 26 0.013333333333333336
27 26 0.0099999999999999985
34 26 0.0024999999999999992
35 26 0.0033333333333333357
36 26 0.0025000000000000014
43 26 0.00083333333333333306
44 26 0.001111111111111112
45 26 0.00083333333333333371
7 27 0.00027777777777777799
8 27 0.00083333333333333371
9 27 0.0016666666666666657
16 27 0.00083333333333333393
17 27 0.0025000000000000009
18 27 0.0049999999999999975
25 27 0.003333333333333334
26 27 0.0099999999999999985
27 27 0.01999999999999998
34 27 0.00083333333333333393
35 27 0.0025000000000000014
36 27 0.0049999999999999975
43 27 0.00027777777777777799
44 27 0.00083333333333333371
45 27 0.0016666666666666657
19 28 0.0050000000000000001
20 28 0.0025000000000000009
21 28 0.00083333333333333371
28 28 0.0066666666666666662
29 28 0.0033333333333333344
30 28 0.0011111111111111115
37 28 0.0050000000000000001
38 28 0.0025000000000000005
39 28 0.0008333333333333336
19 29 0.0025000000000000009
20 29 0.0033333333333333348
21 29 0.0025000000000000009
28 29 0.0033333333333333344
29 29 0.0044444444444444462
30 29 0.0033333333333333344
37 29 0.0025000000000000005
38 29 0.0033333333333333344
39 29 0.0025000000000000005
19 30 0.00083333333333333371
20 30 0.0025000000000000009
21 30 0.009999999999999995
22 30 0.0025000000000000009
23 30 0.00083333333333333371
28 30 0.0011111111111111115
29 30 0.0033333333333333344
30 30 0.013333333333333332
31 30 0.0033333333333333344
32 30 0.0011111111111111115
37 30 0.0008333333333333336
38 30 0.0025000000000000005
39 30 0.009999999999999995
40 30 0.0025000000000000014
41 30 0.0008333333333333336
21 31 0.0025000000000000009
22 31 0.0033333333333333348
23 31 0.0025000000000000009
30 31 0.0033333333333333344
31 31 0.0044444444444444462
32 31 0.0033333333333333344
39 31 0.0025000000000000014
40 31 0.0033333333333333344
41 31 0.0025000000000000005
21 32 0.00083333333333333371
22 32 0.0025000000000000009
23 32 0.0099999999999999933
24 32 0.0025000000000000005
25 32 0.0008333333333333336
30 32 0.0011111111111111115
31 32 0.0033333333333333344
32 32 0.013333333333333331
33 32 0.0033333333333333335
34 32 0.0011111111111111118
39 32 0.0008333333333333336
40 32 0.0025000000000000005
41 32 0.0099999999999999933
42 32 0.0025000000000000009
43 32 0.0008333333333333335
23 33 0.0025000000000000005
24 33 0.0033333333333333344
25 33 0.0025000000000000009
32 33 0.0033333333333333335
33 33 0.004444444444444447
34 33 0.0033333333333333348
41 33 0.0025000000000000009
42 33 0.0033333333333333344
43 33 0.0025000000000000009
23 34 0.0008333333333333336
24 34 0.0025000000000000014
25 34 0.0099999999999999985
26 34 0.0024999999999999996
27 34 0.00083333333333333393
32 34 0.0011111111111111118
33 34 0.0033333333333333348
34 34 0.013333333333333339
35 34 0.0033333333333333322
36 34 0.001111111111111112
41 34 0.0008333333333333335
42 34 0.0025000000000000014
43 34 0.0099999999999999985
44 34 0.0025000000000000001
45 34 0.00083333333333333404
25 35 0.0024999999999999992
26 35 0.0033333333333333357
27 35 0.0025000000000000014
34 35 0.0033333333333333322
35 35 0.0044444444444444479
36 35 0.0033333333333333348
43 35 0.0024999999999999992
44 35 0.0033333333333333361
45 35 0.0025000000000000009
25 36 0.00083333333333333393
26 36 0.0025000000000000014
27 36 0.0049999999999999975
34 36 0.001111111111111112
35 36 0.0033333333333333348
36 36 0.0066666666666666628
43 36 0.00083333333333333404
44 36 0.0025000000000000009
45 36 0.0049999999999999984
19 37 0.0016666666666666666
20 37 0.0008333333333333336
21 37 0.00027777777777777789
28 37 0.0050000000000000001
29 37 0.0025000000000000005
30 37 0.0008333333333333336
37 37 0.019999999999999987
38 37 0.0099999999999999967
39 37 0.0033333333333333327
46 37 0.0049999999999999984
47 37 0.0025000000000000001
48 37 0.0008333333333333336
55 37 0.0016666666666666663
56 37 0.0008333333333333335
57 37 0.00027777777777777789
19 38 0.0008333333333333336
20 38 0.0011111111111111115
21 38 0.0008333333333333336
28 38 0.0025000000000000005
29 38 0.0033333333333333344
30 38 0.0025000000000000005
37 38 0.0099999999999999967
38 38 0.013333333333333331
39 38 0.009999999999999995
46 38 0.0025000000000000001
47 38 0.0033333333333333344
48 38 0.0025000000000000009
55 38 0.0008333333333333335
56 38 0.0011111111111111115
57 38 0.0008333333333333336
19 39 0.00027777777777777789
20 39 0.0008333333333333336
21 39 0.0033333333333333331
22 39 0.0008333333333333336
23 39 0.00027777777777777789
28 39 0.0008333333333333336
29 39 0.0025000000000000005
30 39 0.009999999999999995
31 39 0.0025000000000000014
32 39 0.0008333333333333336
37 39 0.0033333333333333327
38 39 0.0099999999999999933
39 39 0.039999999999999966
40 39 0.0099999999999999985
41 39 0.0033333333333333327
46 39 0.0008333333333333336
47 39 0.0025000000000000009
48 39 0.0099999999999999915
49 39 0.0025000000000000005
50 39 0.0008333333333333336
55 39 0.00027777777777777789
56 39 0.0008333333333333336
57 39 0.0033333333333333322
58 39 0.0008333333333333335
59 39 0.00027777777777777789
21 40 0.0008333333333333336
22 40 0.0011111111111111115
23 40 0.0008333333333333336
30 40 0.0025000000000000014
31 40 0.0033333333333333344
32 40 0.0025000000000000005
39 40 0.0099999999999999985
40 40 0.013333333333333332
41 40 0.009999999999999995
48 40 0.0025000000000000005
49 40 0.0033333333333333344
50 40 0.0025000000000000009
57 40 0.0008333333333333335
58 40 0.0011111111111111115
59 40 0.0008333333333333336
21 41 0.00027777777777777789
22 41 0.0008333333333333336
23 41 0.0033333333333333327
24 41 0.00083333333333333339
25 41 0.00027777777777777789
30 41 0.0008333333333333336
31 41 0.0025000000000000005
32 41 0.0099999999999999915
33 41 0.0025000000000000009
34 41 0.0008333333333333335
39 41 0.0033333333333333327
40 41 0.0099999999999999933
41 41 0.039999999999999959
42 41 0.0099999999999999967
43 41 0.0033333333333333318
48 41 0.0008333333333333336
49 41 0.0025000000000000009
50 41 0.0099999999999999898
51 41 0.0025000000000000001
52 41 0.0008333333333333335
57 41 0.00027777777777777789
58 41 0.0008333333333333336
59 41 0.0033333333333333318
60 41 0.00083333333333333339
61 41 0.00027777777777777789
23 42 0.00083333333333333339
24 42 0.0011111111111111118
25 42 0.00083333333333333371
32 42 0.0025000000000000009
33 42 0.0033333333333333344
34 42 0.0025000000000000014
41 42 0.0099999999999999967
42 42 0.013333333333333327
43 42 0.009999999999999995
50 42 0.0025000000000000001
51 42 0.003333333333333334
52 42 0.0025000000000000009
59 42 0.0008333333333333336
60 42 0.0011111111111111115
61 42 0.0008333333333333336
23 43 0.00027777777777777789
24 43 0.00083333333333333371
25 43 0.0033333333333333348
26 43 0.00083333333333333306
27 43 0.00027777777777777799
32 43 0.0008333333333333335
33 43 0.0025000000000000014
34 43 0.0099999999999999985
35 43 0.0024999999999999992
36 43 0.00083333333333333404
41 43 0.0033333333333333318
42 43 0.009999999999999995
43 43 0.03999999999999998
44 43 0.0099999999999999898
45 43 0.0033333333333333335
50 43 0.0008333333333333335
51 43 0.0025000000000000009
52 43 0.0099999999999999967
53 43 0.0024999999999999983
54 43 0.00083333333333333393
59 43 0.00027777777777777789
60 43 0.0008333333333333336
61 43 0.003333333333333334
62 43 0.00083333333333333295
63 43 0.00027777777777777805
25 44 0.00083333333333333306
26 44 0.001111111111111112
27 44 0.00083333333333333371
34 44 0.0024999999999999992
35 44 0.0033333333333333361
36 44 0.0025000000000000009
43 44 0.0099999999999999898
44 44 0.013333333333333334
45 44 0.009999999999999995
52 44 0.0024999999999999992
53 44 0.0033333333333333357
54 44 0.0025000000000000014
61 44 0.00083333333333333317
62 44 0.0011111111111111122
63 44 0.00083333333333333371
25 45 0.00027777777777777799
26 45 0.00083333333333333371
27 45 0.0016666666666666657
34 45 0.00083333333333333393
35 45 0.0025000000000000009
36 45 0.0049999999999999975
43 45 0.0033333333333333335
44 45 0.009999999999999995
45 45 0.019999999999999973
52 45 0.00083333333333333393
53 45 0.0025000000000000014
54 45 0.0049999999999999966
61 45 0.00027777777777777805
62 45 0.00083333333333333371
63 45 0.0016666666666666655
37 46 0.0049999999999999984
38 46 0.0025000000000000001
39 46 0.0008333333333333336
46 46 0.0066666666666666654
47 46 0.0033333333333333344
48 46 0.0011111111111111118
55 46 0.0050000000000000001
56 46 0.0025000000000000014
57 46 0.00083333333333333371
37 47 0.0025000000000000001
38 47 0.0033333333333333344
39 47 0.0025000000000000009
46 47 0.0033333333333333344
47 47 0.004444444444444447
48 47 0.0033333333333333344
55 47 0.0025000000000000014
56 47 0.0033333333333333348
57 47 0.0025000000000000009
37 48 0.0008333333333333336
38 48 0.0025000000000000009
39 48 0.0099999999999999915
40 48 0.0025000000000000005
41 48 0.0008333333333333336
46 48 0.0011111111111111118
47 48 0.0033333333333333344
48 48 0.013333333333333329
49 48 0.0033333333333333353
50 48 0.0011111111111111118
55 48 0.0008333333333333336
56 48 0.0025000000000000009
57 48 0.009999999999999995
58 48 0.0025000000000000014
59 48 0.00083333333333333371
39 49 0.0025000000000000005
40 49 0.0033333333333333344
41 49 0.0025000000000000009
48 49 0.0033333333333333344
49 49 0.004444444444444447
50 49 0.0033333333333333344
57 49 0.0025000000000000014
58 49 0.0033333333333333348
59 49 0.0025000000000000009
39 50 0.0008333333333333336
40 50 0.0025000000000000009
41 50 0.0099999999999999898
42 50 0.0025000000000000001
43 50 0.0008333333333333335
48 50 0.0011111111111111118
49 50 0.0033333333333333344
50 50 0.013333333333333326
51 50 0.0033333333333333348
52 50 0.0011111111111111115
57 50 0.00083333333333333371
58 50 0.0025000000000000009
59 50 0.0099999999999999915
60 50 0.0025000000000000009
61 50 0.0008333333333333336
41 51 0.0025000000000000001
42 51 0.003333333333333334
43 51 0.0025000000000000009
50 51 0.0033333333333333348
51 51 0.0044444444444444462
52 51 0.0033333333333333348
59 51 0.0025000000000000009
60 51 0.0033333333333333344
61 51 0.0025000000000000009
41 52 0.0008333333333333335
42 52 0.0025000000000000009
43 52 0.0099999999999999967
44 52 0.0024999999999999992
45 52 0.00083333333333333393
50 52 0.0011111111111111115
51 52 0.0033333333333333348
52 52 0.013333333333333336
53 52 0.0033333333333333331
54 52 0.0011111111111111122
59 52 0.0008333333333333336
60 52 0.0025000000000000009
61 52 0.01
62 52 0.0025000000000000001
63 52 0.00083333333333333404
43 53 0.0024999999999999992
44 53 0.0033333333333333357
45 53 0.0025000000000000014
52 53 0.0033333333333333331
53 53 0.0044444444444444488
54 53 0.0033333333333333348
61 53 0.0025000000000000001
62 53 0.0033333333333333361
63 53 0.0025000000000000018
43 54 0.00083333333333333393
44 54 0.0025000000000000014
45 54 0.0049999999999999966
52 54 0.0011111111111111122
53 54 0.0033333333333333348
54 54 0.0066666666666666619
61 54 0.00083333333333333404
62 54 0.0025000000000000018
63 54 0.0049999999999999975
37 55 0.0016666666666666663
38 55 0.0008333333333333335
39 55 0.00027777777777777789
46 55 0.0050000000000000001
47 55 0.0025000000000000014
48 55 0.00083333333333333371
55 55 0.02
56 55 0.010000000000000004
57 55 0.0033333333333333353
64 55 0.0049999999999999958
65 55 0.0024999999999999992
66 55 0.00083333333333333317
73 55 0.0016666666666666672
74 55 0.00083333333333333393
75 55 0.00027777777777777805
37 56 0.0008333333333333335
38 56 0.0011111111111111115
39 56 0.0008333333333333336
46 56 0.0025000000000000014
47 56 0.0033333333333333348
48 56 0.0025000000000000009
55 56 0.010000000000000004
56 56 0.013333333333333341
57 56 0.010000000000000004
64 56 0.0024999999999999992
65 56 0.0033333333333333327
66 56 0.0024999999999999996
73 56 0.00083333333333333371
74 56 0.0011111111111111122
75 56 0.00083333333333333404
37 57 0.00027777777777777789
38 57 0.0008333333333333335
39 57 0.0033333333333333322
40 57 0.0008333333333333335
41 57 0.00027777777777777789
46 57 0.0008333333333333336
47 57 0.0025000000000000009
48 57 0.0099999999999999933
49 57 0.0025000000000000014
50 57 0.00083333333333333371
55 57 0.0033333333333333353
56 57 0.01
57 57 0.039999999999999994
58 57 0.010000000000000004
59 57 0.0033333333333333353
64 57 0.00083333333333333306
65 57 0.0024999999999999996
66 57 0.0099999999999999881
67 57 0.0024999999999999996
68 57 0.00083333333333333317
73 57 0.00027777777777777799
74 57 0.00083333333333333404
75 57 0.0033333333333333335
76 57 0.00083333333333333393
77 57 0.00027777777777777805
39 58 0.0008333333333333335
40 58 0.0011111111111111115
41 58 0.0008333333333333336
48 58 0.0025000000000000014
49 58 0.0033333333333333348
50 58 0.0025000000000000009
57 58 0.010000000000000004
58 58 0.013333333333333341
59 58 0.010000000000000004
66 58 0.0024999999999999992
67 58 0.0033333333333333327
68 58 0.0024999999999999996
75 58 0.00083333333333333393
76 58 0.0011111111111111122
77 58 0.00083333333333333404
39 59 0.00027777777777777789
40 59 0.0008333333333333335
41 59 0.0033333333333333314
42 59 0.0008333333333333336
43 59 0.00027777777777777789
48 59 0.00083333333333333371
49 59 0.0025000000000000009
50 59 0.0099999999999999898
51 59 0.0025000000000000009
52 59 0.0008333333333333336
57 59 0.0033333333333333353
58 59 0.01
59 59 0.03999999999999998
60 59 0.010000000000000004
61 59 0.0033333333333333344
66 59 0.00083333333333333317
67 59 0.0024999999999999996
68 59 0.0099999999999999863
69 59 0.0024999999999999988
70 59 0.00083333333333333317
75 59 0.00027777777777777805
76 59 0.00083333333333333404
77 59 0.0033333333333333331
78 59 0.00083333333333333393
79 59 0.00027777777777777805
41 60 0.00083333333333333339
42 60 0.0011111111111111115
43 60 0.0008333333333333336
50 60 0.0025000000000000009
51 60 0.0033333333333333344
52 60 0.0025000000000000009
59 60 0.010000000000000002
60 60 0.013333333333333341
61 60 0.01
68 60 0.0024999999999999992
69 60 0.0033333333333333327
70 60 0.0024999999999999996
77 60 0.00083333333333333393
78 60 0.0011111111111111122
79 60 0.00083333333333333404
41 61 0.00027777777777777789
42 61 0.00083333333333333371
43 61 0.0033333333333333348
44 61 0.00083333333333333317
45 61 0.00027777777777777805
50 61 0.0008333333333333336
51 61 0.0025000000000000009
52 61 0.0099999999999999985
53 61 0.0025000000000000001
54 61 0.00083333333333333404
59 61 0.0033333333333333353
60 61 0.01
61 61 0.040000000000000001
62 61 0.0099999999999999985
63 61 0.0033333333333333366
68 61 0.00083333333333333317
69 61 0.0024999999999999996
70 61 0.0099999999999999933
71 61 0.0024999999999999974
72 61 0.00083333333333333339
77 61 0.00027777777777777805
78 61 0.00083333333333333404
79 61 0.0033333333333333361
80 61 0.00083333333333333339
81 61 0.00027777777777777816
43 62 0.00083333333333333317
44 62 0.0011111111111111122
45 62 0.00083333333333333371
52 62 0.0025000000000000001
53 62 0.0033333333333333361
54 62 0.0025000000000000009
61 62 0.0099999999999999967
62 62 0.013333333333333346
63 62 0.010000000000000004
70 62 0.0024999999999999974
71 62 0.0033333333333333335
72 62 0.0024999999999999996
79 62 0.00083333333333333339
80 62 0.0011111111111111126
81 62 0.00083333333333333404
43 63 0.00027777777777777805
44 63 0.00083333333333333371
45 63 0.0016666666666666655
52 63 0.00083333333333333404
53 63 0.0025000000000000009
54 63 0.0049999999999999966
61 63 0.0033333333333333366
62 63 0.010000000000000004
63 63 0.019999999999999987
70 63 0.00083333333333333339
71 63 0.0024999999999999996
72 63 0.004999999999999994
79 63 0.00027777777777777816
80 63 0.00083333333333333404
81 63 0.0016666666666666663
55 64 0.0049999999999999966
56 64 0.0024999999999999992
57 64 0.00083333333333333317
64 64 0.0066666666666666688
65 64 0.0033333333333333348
66 64 0.0011111111111111122
73 64 0.0050000000000000001
74 64 0.0025000000000000014
75 64 0.00083333333333333371
55 65 0.0024999999999999992
56 65 0.0033333333333333327
57 65 0.0024999999999999996
64 65 0.0033333333333333348
65 65 0.0044444444444444488
66 65 0.0033333333333333361
73 65 0.0025000000000000014
74 65 0.0033333333333333348
75 65 0.0025000000000000009
55 66 0.00083333333333333317
56 66 0.0024999999999999996
57 66 0.0099999999999999881
58 66 0.0024999999999999992
59 66 0.00083333333333333317
64 66 0.0011111111111111122
65 66 0.0033333333333333361
66 66 0.013333333333333334
67 66 0.0033333333333333357
68 66 0.0011111111111111122
73 66 0.00083333333333333371
74 66 0.0025000000000000009
75 66 0.009999999999999995
76 66 0.0025000000000000018
77 66 0.00083333333333333371
57 67 0.0024999999999999992
58 67 0.0033333333333333327
59 67 0.0024999999999999996
66 67 0.0033333333333333357
67 67 0.0044444444444444488
68 67 0.0033333333333333361
75 67 0.0025000000000000018
76 67 0.0033333333333333348
77 67 0.0025000000000000009
57 68 0.00083333333333333317
58 68 0.0024999999999999996
59 68 0.0099999999999999846
60 68 0.0024999999999999988
61 68 0.00083333333333333317
66 68 0.0011111111111111122
67 68 0.0033333333333333361
68 68 0.013333333333333332
69 68 0.0033333333333333357
70 68 0.0011111111111111122
75 68 0.00083333333333333371
76 68 0.0025000000000000009
77 68 0.0099999999999999915
78 68 0.0025000000000000014
79 68 0.0008333333333333336
59 69 0.0024999999999999992
60 69 0.0033333333333333327
61 69 0.0024999999999999996
68 69 0.0033333333333333357
69 69 0.0044444444444444488
70 69 0.0033333333333333361
77 69 0.0025000000000000014
78 69 0.0033333333333333344
79 69 0.0025000000000000018
59 70 0.00083333333333333317
60 70 0.0024999999999999996
61 70 0.0099999999999999915
62 70 0.0024999999999999974
63 70 0.00083333333333333339
68 70 0.0011111111111111122
69 70 0.0033333333333333361
70 70 0.013333333333333345
71 70 0.0033333333333333335
72 70 0.0011111111111111126
77 70 0.0008333333333333336
78 70 0.0025000000000000018
79 70 0.01
80 70 0.0025000000000000001
81 70 0.00083333333333333404
61 71 0.0024999999999999974
62 71 0.0033333333333333335
63 71 0.0024999999999999996
70 71 0.0033333333333333335
71 71 0.0044444444444444505
72 71 0.0033333333333333361
79 71 0.0025000000000000001
80 71 0.0033333333333333361
81 71 0.0025000000000000018
61 72 0.00083333333333333339
62 72 0.0024999999999999996
63 72 0.004999999999999994
70 72 0.0011111111111111126
71 72 0.0033333333333333361
72 72 0.0066666666666666654
79 72 0.00083333333333333404
80 72 0.0025000000000000018
81 72 0.0049999999999999975
55 73 0.0016666666666666672
56 73 0.00083333333333333371
57 73 0.00027777777777777805
64 73 0.0050000000000000001
65 73 0.0025000000000000014
66 73 0.00083333333333333371
73 73 0.0099999999999999915
74 73 0.0049999999999999992
75 73 0.0016666666666666659
55 74 0.00083333333333333371
56 74 0.0011111111111111122
57 74 0.00083333333333333404
64 74 0.0025000000000000014
65 74 0.0033333333333333348
66 74 0.0025000000000000009
73 74 0.0049999999999999992
74 74 0.0066666666666666636
75 74 0.0049999999999999975
55 75 0.00027777777777777799
56 75 0.00083333333333333393
57 75 0.0033333333333333335
58 75 0.00083333333333333393
59 75 0.00027777777777777805
64 75 0.00083333333333333371
65 75 0.0025000000000000009
66 75 0.0099999999999999933
67 75 0.0025000000000000018
68 75 0.00083333333333333371
73 75 0.0016666666666666659
74 75 0.0049999999999999966
75 75 0.01999999999999998
76 75 0.0049999999999999992
77 75 0.0016666666666666659
57 76 0.00083333333333333393
58 76 0.0011111111111111122
59 76 0.00083333333333333404
66 76 0.0025000000000000018
67 76 0.0033333333333333348
68 76 0.0025000000000000009
75 76 0.0049999999999999992
76 76 0.0066666666666666636
77 76 0.0049999999999999975
57 77 0.00027777777777777805
58 77 0.00083333333333333393
59 77 0.0033333333333333331
60 77 0.00083333333333333393
61 77 0.00027777777777777805
66 77 0.00083333333333333371
67 77 0.0025000000000000009
68 77 0.0099999999999999915
69 77 0.0025000000000000014
70 77 0.0008333333333333336
75 77 0.0016666666666666659
76 77 0.0049999999999999966
77 77 0.019999999999999973
78 77 0.0049999999999999975
79 77 0.0016666666666666657
59 78 0.00083333333333333393
60 78 0.0011111111111111122
61 78 0.00083333333333333404
68 78 0.0025000000000000014
69 78 0.0033333333333333344
70 78 0.0025000000000000009
77 78 0.0049999999999999975
78 78 0.0066666666666666628
79 78 0.0049999999999999975
59 79 0.00027777777777777805
60 79 0.00083333333333333404
61 79 0.0033333333333333361
62 79 0.00083333333333333339
63 79 0.00027777777777777816
68 79 0.0008333333333333336
69 79 0.0025000000000000009
70 79 0.0099999999999999985
71 79 0.0025000000000000001
72 79 0.00083333333333333404
77 79 0.0016666666666666657
78 79 0.0049999999999999975
79 79 0.019999999999999987
80 79 0.0049999999999999958
81 79 0.0016666666666666666
61 80 0.00083333333333333339
62 80 0.0011111111111111126
63 80 0.00083333333333333404
70 80 0.0025000000000000001
71 80 0.0033333333333333361
72 80 0.0025000000000000018
79 80 0.0049999999999999958
80 80 0.0066666666666666662
81 80 0.0049999999999999984
61 81 0.00027777777777777816
62 81 0.00083333333333333404
63 81 0.0016666666666666663
70 81 0.00083333333333333404
71 81 0.0025000000000000018
72 81 0.0049999999999999966
79 81 0.0016666666666666666
80 81 0.0049999999999999984
81 81 0.0099999999999999846


