# Created by Octave 5.2.0, Tue Oct 26 13:24:23 2021 CEST <omen@omen-linux>
# name: ans
# type: sparse matrix
# nnz: 2401
# rows: 169
# columns: 169
1 1 0.0044444444444444401
2 1 0.0022222222222222222
3 1 0.0007407407407407406
14 1 0.0022222222222222218
15 1 0.0011111111111111113
16 1 0.00037037037037037035
27 1 0.0007407407407407406
28 1 0.0003703703703703703
29 1 0.00012345679012345679
1 2 0.0022222222222222222
2 2 0.0029629629629629624
3 2 0.0022222222222222214
14 2 0.0011111111111111113
15 2 0.0014814814814814814
16 2 0.0011111111111111113
27 2 0.00037037037037037024
28 2 0.00049382716049382717
29 2 0.00037037037037037041
1 3 0.0007407407407407406
2 3 0.0022222222222222214
3 3 0.0088888888888888854
4 3 0.0022222222222222214
5 3 0.0007407407407407406
14 3 0.00037037037037037035
15 3 0.0011111111111111113
16 3 0.0044444444444444427
17 3 0.0011111111111111111
18 3 0.0003703703703703703
27 3 0.00012345679012345679
28 3 0.00037037037037037041
29 3 0.0014814814814814805
30 3 0.00037037037037037014
31 3 0.00012345679012345679
3 4 0.0022222222222222214
4 4 0.0029629629629629624
5 4 0.0022222222222222222
16 4 0.0011111111111111111
17 4 0.0014814814814814812
18 4 0.0011111111111111113
29 4 0.00037037037037037014
30 4 0.00049382716049382717
31 4 0.00037037037037037046
3 5 0.0007407407407407406
4 5 0.0022222222222222218
5 5 0.0088888888888888906
6 5 0.0022222222222222209
7 5 0.00074074074074074049
16 5 0.0003703703703703703
17 5 0.0011111111111111115
18 5 0.0044444444444444453
19 5 0.0011111111111111109
20 5 0.00037037037037037024
29 5 0.00012345679012345679
30 5 0.00037037037037037046
31 5 0.0014814814814814816
32 5 0.00037037037037037014
33 5 0.00012345679012345677
5 6 0.0022222222222222209
6 6 0.0029629629629629615
7 6 0.0022222222222222214
18 6 0.0011111111111111111
19 6 0.001481481481481481
20 6 0.0011111111111111109
31 6 0.00037037037037037014
32 6 0.00049382716049382706
33 6 0.00037037037037037024
5 7 0.00074074074074074038
6 7 0.0022222222222222209
7 7 0.0088888888888888837
8 7 0.0022222222222222231
9 7 0.0007407407407407406
18 7 0.00037037037037037024
19 7 0.0011111111111111109
20 7 0.0044444444444444418
21 7 0.001111111111111112
22 7 0.0003703703703703703
31 7 0.00012345679012345677
32 7 0.00037037037037037024
33 7 0.0014814814814814808
34 7 0.00037037037037037041
35 7 0.00012345679012345679
7 8 0.0022222222222222231
8 8 0.0029629629629629624
9 8 0.0022222222222222205
20 8 0.001111111111111112
21 8 0.0014814814814814812
22 8 0.0011111111111111107
33 8 0.00037037037037037041
34 8 0.00049382716049382706
35 8 0.00037037037037037019
7 9 0.0007407407407407406
8 9 0.0022222222222222201
9 9 0.0088888888888888785
10 9 0.0022222222222222209
11 9 0.0007407407407407406
20 9 0.0003703703703703703
21 9 0.0011111111111111107
22 9 0.0044444444444444392
23 9 0.0011111111111111107
24 9 0.0003703703703703703
33 9 0.00012345679012345679
34 9 0.00037037037037037019
35 9 0.0014814814814814799
36 9 0.00037037037037037008
37 9 0.00012345679012345679
9 10 0.0022222222222222209
10 10 0.0029629629629629624
11 10 0.0022222222222222231
22 10 0.0011111111111111107
23 10 0.0014814814814814812
24 10 0.0011111111111111118
35 10 0.00037037037037037008
36 10 0.00049382716049382706
37 10 0.00037037037037037057
9 11 0.0007407407407407406
10 11 0.0022222222222222222
11 11 0.0088888888888888889
12 11 0.0022222222222222227
13 11 0.00074074074074074081
22 11 0.0003703703703703703
23 11 0.0011111111111111118
24 11 0.0044444444444444436
25 11 0.0011111111111111122
26 11 0.00037037037037037035
35 11 0.00012345679012345679
36 11 0.00037037037037037057
37 11 0.0014814814814814814
38 11 0.00037037037037037046
39 11 0.00012345679012345682
11 12 0.0022222222222222227
12 12 0.0029629629629629637
13 12 0.0022222222222222222
24 12 0.001111111111111112
25 12 0.0014814814814814816
26 12 0.0011111111111111118
37 12 0.00037037037037037046
38 12 0.00049382716049382728
39 12 0.00037037037037037051
11 13 0.00074074074074074081
12 13 0.0022222222222222222
13 13 0.0044444444444444444
24 13 0.00037037037037037035
25 13 0.0011111111111111118
26 13 0.002222222222222224
37 13 0.00012345679012345682
38 13 0.00037037037037037051
39 13 0.00074074074074074114
1 14 0.0022222222222222218
2 14 0.0011111111111111113
3 14 0.0003703703703703703
14 14 0.0029629629629629624
15 14 0.0014814814814814812
16 14 0.00049382716049382717
27 14 0.0022222222222222218
28 14 0.0011111111111111113
29 14 0.00037037037037037035
1 15 0.0011111111111111113
2 15 0.0014814814814814812
3 15 0.0011111111111111113
14 15 0.0014814814814814812
15 15 0.0019753086419753087
16 15 0.0014814814814814816
27 15 0.0011111111111111113
28 15 0.0014814814814814814
29 15 0.0011111111111111113
1 16 0.0003703703703703703
2 16 0.0011111111111111113
3 16 0.0044444444444444427
4 16 0.0011111111111111111
5 16 0.0003703703703703703
14 16 0.00049382716049382717
15 16 0.0014814814814814816
16 16 0.0059259259259259222
17 16 0.0014814814814814805
18 16 0.00049382716049382717
27 16 0.00037037037037037035
28 16 0.0011111111111111113
29 16 0.0044444444444444436
30 16 0.0011111111111111109
31 16 0.00037037037037037035
3 17 0.0011111111111111111
4 17 0.0014814814814814812
5 17 0.0011111111111111115
16 17 0.0014814814814814805
17 17 0.0019753086419753087
18 17 0.0014814814814814818
29 17 0.0011111111111111109
30 17 0.0014814814814814814
31 17 0.0011111111111111115
3 18 0.0003703703703703703
4 18 0.0011111111111111115
5 18 0.0044444444444444453
6 18 0.0011111111111111111
7 18 0.00037037037037037024
16 18 0.00049382716049382717
17 18 0.0014814814814814818
18 18 0.0059259259259259265
19 18 0.0014814814814814805
20 18 0.00049382716049382706
29 18 0.00037037037037037035
30 18 0.0011111111111111115
31 18 0.0044444444444444462
32 18 0.0011111111111111111
33 18 0.0003703703703703703
5 19 0.0011111111111111111
6 19 0.001481481481481481
7 19 0.0011111111111111111
18 19 0.0014814814814814805
19 19 0.0019753086419753083
20 19 0.0014814814814814812
31 19 0.0011111111111111111
32 19 0.001481481481481481
33 19 0.0011111111111111111
5 20 0.00037037037037037024
6 20 0.0011111111111111111
7 20 0.0044444444444444427
8 20 0.001111111111111112
9 20 0.0003703703703703703
18 20 0.00049382716049382706
19 20 0.0014814814814814812
20 20 0.005925925925925923
21 20 0.0014814814814814816
22 20 0.00049382716049382717
31 20 0.0003703703703703703
32 20 0.0011111111111111111
33 20 0.0044444444444444436
34 20 0.0011111111111111118
35 20 0.00037037037037037035
7 21 0.001111111111111112
8 21 0.0014814814814814812
9 21 0.0011111111111111107
20 21 0.0014814814814814816
21 21 0.0019753086419753083
22 21 0.0014814814814814808
33 21 0.001111111111111112
34 21 0.0014814814814814814
35 21 0.0011111111111111107
7 22 0.0003703703703703703
8 22 0.0011111111111111107
9 22 0.0044444444444444401
10 22 0.0011111111111111107
11 22 0.0003703703703703703
20 22 0.00049382716049382717
21 22 0.0014814814814814808
22 22 0.0059259259259259196
23 22 0.0014814814814814803
24 22 0.00049382716049382717
33 22 0.00037037037037037035
34 22 0.0011111111111111107
35 22 0.0044444444444444418
36 22 0.0011111111111111109
37 22 0.00037037037037037035
9 23 0.0011111111111111107
10 23 0.0014814814814814812
11 23 0.0011111111111111118
22 23 0.0014814814814814803
23 23 0.0019753086419753083
24 23 0.0014814814814814823
35 23 0.0011111111111111109
36 23 0.0014814814814814814
37 23 0.0011111111111111118
9 24 0.0003703703703703703
10 24 0.0011111111111111118
11 24 0.0044444444444444436
12 24 0.001111111111111112
13 24 0.00037037037037037035
22 24 0.00049382716049382717
23 24 0.0014814814814814823
24 24 0.0059259259259259256
25 24 0.0014814814814814818
26 24 0.00049382716049382728
35 24 0.00037037037037037035
36 24 0.0011111111111111118
37 24 0.0044444444444444453
38 24 0.001111111111111112
39 24 0.00037037037037037041
11 25 0.0011111111111111122
12 25 0.0014814814814814816
13 25 0.0011111111111111118
24 25 0.0014814814814814818
25 25 0.0019753086419753091
26 25 0.0014814814814814821
37 25 0.001111111111111112
38 25 0.0014814814814814816
39 25 0.0011111111111111118
11 26 0.00037037037037037035
12 26 0.0011111111111111118
13 26 0.002222222222222224
24 26 0.00049382716049382728
25 26 0.0014814814814814821
26 26 0.0029629629629629646
37 26 0.00037037037037037041
38 26 0.0011111111111111118
39 26 0.0022222222222222231
1 27 0.0007407407407407406
2 27 0.0003703703703703703
3 27 0.00012345679012345679
14 27 0.0022222222222222218
15 27 0.0011111111111111113
16 27 0.00037037037037037035
27 27 0.0088888888888888871
28 27 0.0044444444444444427
29 27 0.001481481481481481
40 27 0.0022222222222222214
41 27 0.0011111111111111111
42 27 0.00037037037037037019
53 27 0.0007407407407407406
54 27 0.0003703703703703703
55 27 0.00012345679012345679
1 28 0.00037037037037037024
2 28 0.00049382716049382717
3 28 0.00037037037037037041
14 28 0.0011111111111111113
15 28 0.0014814814814814814
16 28 0.0011111111111111113
27 28 0.0044444444444444427
28 28 0.0059259259259259239
29 28 0.0044444444444444453
40 28 0.0011111111111111111
41 28 0.0014814814814814808
42 28 0.0011111111111111111
53 28 0.00037037037037037024
54 28 0.00049382716049382717
55 28 0.00037037037037037035
1 29 0.00012345679012345679
2 29 0.00037037037037037041
3 29 0.0014814814814814805
4 29 0.00037037037037037014
5 29 0.00012345679012345679
14 29 0.00037037037037037035
15 29 0.0011111111111111113
16 29 0.0044444444444444427
17 29 0.0011111111111111111
18 29 0.00037037037037037035
27 29 0.001481481481481481
28 29 0.0044444444444444444
29 29 0.017777777777777774
30 29 0.0044444444444444418
31 29 0.001481481481481481
40 29 0.00037037037037037019
41 29 0.0011111111111111111
42 29 0.004444444444444441
43 29 0.0011111111111111107
44 29 0.00037037037037037019
53 29 0.00012345679012345679
54 29 0.00037037037037037041
55 29 0.0014814814814814805
56 29 0.00037037037037037014
57 29 0.00012345679012345679
3 30 0.00037037037037037014
4 30 0.00049382716049382717
5 30 0.00037037037037037046
16 30 0.0011111111111111111
17 30 0.0014814814814814814
18 30 0.0011111111111111115
29 30 0.0044444444444444418
30 30 0.0059259259259259239
31 30 0.0044444444444444453
42 30 0.0011111111111111107
43 30 0.0014814814814814808
44 30 0.0011111111111111111
55 30 0.00037037037037037014
56 30 0.00049382716049382717
57 30 0.00037037037037037041
3 31 0.00012345679012345679
4 31 0.00037037037037037046
5 31 0.0014814814814814816
6 31 0.00037037037037037008
7 31 0.00012345679012345677
16 31 0.00037037037037037035
17 31 0.0011111111111111115
18 31 0.0044444444444444462
19 31 0.0011111111111111111
20 31 0.00037037037037037024
29 31 0.001481481481481481
30 31 0.0044444444444444444
31 31 0.017777777777777781
32 31 0.004444444444444441
33 31 0.001481481481481481
42 31 0.00037037037037037019
43 31 0.0011111111111111113
44 31 0.0044444444444444436
45 31 0.0011111111111111107
46 31 0.00037037037037037019
55 31 0.00012345679012345679
56 31 0.00037037037037037046
57 31 0.0014814814814814816
58 31 0.00037037037037037008
59 31 0.00012345679012345677
5 32 0.00037037037037037008
6 32 0.00049382716049382706
7 32 0.0003703703703703703
18 32 0.0011111111111111111
19 32 0.001481481481481481
20 32 0.0011111111111111111
31 32 0.004444444444444441
32 32 0.005925925925925923
33 32 0.0044444444444444436
44 32 0.0011111111111111107
45 32 0.0014814814814814808
46 32 0.0011111111111111109
57 32 0.00037037037037037014
58 32 0.00049382716049382706
59 32 0.00037037037037037024
5 33 0.00012345679012345677
6 33 0.0003703703703703703
7 33 0.001481481481481481
8 33 0.00037037037037037041
9 33 0.00012345679012345679
18 33 0.0003703703703703703
19 33 0.0011111111111111111
20 33 0.0044444444444444427
21 33 0.0011111111111111118
22 33 0.00037037037037037035
31 33 0.001481481481481481
32 33 0.0044444444444444427
33 33 0.017777777777777771
34 33 0.0044444444444444436
35 33 0.001481481481481481
44 33 0.00037037037037037019
45 33 0.0011111111111111109
46 33 0.0044444444444444401
47 33 0.0011111111111111115
48 33 0.00037037037037037019
57 33 0.00012345679012345677
58 33 0.00037037037037037024
59 33 0.001481481481481481
60 33 0.00037037037037037041
61 33 0.00012345679012345679
7 34 0.00037037037037037041
8 34 0.00049382716049382706
9 34 0.00037037037037037019
20 34 0.001111111111111112
21 34 0.0014814814814814814
22 34 0.0011111111111111107
33 34 0.0044444444444444453
34 34 0.0059259259259259239
35 34 0.0044444444444444418
46 34 0.0011111111111111115
47 34 0.0014814814814814808
48 34 0.0011111111111111105
59 34 0.00037037037037037041
60 34 0.00049382716049382706
61 34 0.00037037037037037019
7 35 0.00012345679012345679
8 35 0.00037037037037037019
9 35 0.0014814814814814799
10 35 0.00037037037037037008
11 35 0.00012345679012345679
20 35 0.00037037037037037035
21 35 0.0011111111111111107
22 35 0.004444444444444441
23 35 0.0011111111111111109
24 35 0.00037037037037037035
33 35 0.001481481481481481
34 35 0.0044444444444444418
35 35 0.017777777777777764
36 35 0.0044444444444444401
37 35 0.001481481481481481
46 35 0.00037037037037037019
47 35 0.0011111111111111102
48 35 0.0044444444444444375
49 35 0.0011111111111111105
50 35 0.00037037037037037019
59 35 0.00012345679012345679
60 35 0.00037037037037037019
61 35 0.0014814814814814799
62 35 0.00037037037037037008
63 35 0.00012345679012345679
9 36 0.00037037037037037008
10 36 0.00049382716049382706
11 36 0.00037037037037037057
22 36 0.0011111111111111109
23 36 0.0014814814814814814
24 36 0.0011111111111111118
35 36 0.0044444444444444418
36 36 0.0059259259259259239
37 36 0.0044444444444444462
48 36 0.0011111111111111105
49 36 0.0014814814814814808
50 36 0.0011111111111111113
61 36 0.00037037037037037008
62 36 0.00049382716049382706
63 36 0.00037037037037037051
9 37 0.00012345679012345679
10 37 0.00037037037037037057
11 37 0.0014814814814814814
12 37 0.00037037037037037046
13 37 0.00012345679012345682
22 37 0.00037037037037037035
23 37 0.0011111111111111115
24 37 0.0044444444444444453
25 37 0.001111111111111112
26 37 0.00037037037037037041
35 37 0.001481481481481481
36 37 0.0044444444444444462
37 37 0.017777777777777778
38 37 0.0044444444444444453
39 37 0.0014814814814814812
48 37 0.00037037037037037019
49 37 0.0011111111111111115
50 37 0.0044444444444444427
51 37 0.0011111111111111118
52 37 0.00037037037037037024
61 37 0.00012345679012345679
62 37 0.00037037037037037057
63 37 0.0014814814814814814
64 37 0.00037037037037037046
65 37 0.00012345679012345682
11 38 0.00037037037037037046
12 38 0.00049382716049382728
13 38 0.00037037037037037051
24 38 0.001111111111111112
25 38 0.0014814814814814816
26 38 0.0011111111111111118
37 38 0.0044444444444444453
38 38 0.0059259259259259256
39 38 0.0044444444444444462
50 38 0.0011111111111111118
51 38 0.001481481481481481
52 38 0.0011111111111111115
63 38 0.00037037037037037046
64 38 0.00049382716049382728
65 38 0.00037037037037037051
11 39 0.00012345679012345682
12 39 0.00037037037037037051
13 39 0.00074074074074074114
24 39 0.00037037037037037041
25 39 0.0011111111111111118
26 39 0.0022222222222222231
37 39 0.0014814814814814812
38 39 0.0044444444444444462
39 39 0.0088888888888888924
50 39 0.00037037037037037024
51 39 0.0011111111111111115
52 39 0.0022222222222222227
63 39 0.00012345679012345682
64 39 0.00037037037037037051
65 39 0.00074074074074074114
27 40 0.0022222222222222209
28 40 0.0011111111111111111
29 40 0.00037037037037037019
40 40 0.0029629629629629624
41 40 0.0014814814814814812
42 40 0.00049382716049382717
53 40 0.0022222222222222222
54 40 0.0011111111111111118
55 40 0.00037037037037037035
27 41 0.0011111111111111111
28 41 0.0014814814814814808
29 41 0.0011111111111111111
40 41 0.0014814814814814812
41 41 0.0019753086419753087
42 41 0.0014814814814814814
53 41 0.0011111111111111118
54 41 0.0014814814814814816
55 41 0.0011111111111111113
27 42 0.00037037037037037019
28 42 0.0011111111111111111
29 42 0.0044444444444444418
30 42 0.0011111111111111107
31 42 0.00037037037037037019
40 42 0.00049382716049382717
41 42 0.0014814814814814814
42 42 0.0059259259259259222
43 42 0.0014814814814814805
44 42 0.00049382716049382717
53 42 0.00037037037037037041
54 42 0.0011111111111111113
55 42 0.0044444444444444436
56 42 0.0011111111111111113
57 42 0.00037037037037037035
29 43 0.0011111111111111107
30 43 0.0014814814814814808
31 43 0.0011111111111111113
42 43 0.0014814814814814805
43 43 0.0019753086419753087
44 43 0.0014814814814814818
55 43 0.0011111111111111113
56 43 0.0014814814814814814
57 43 0.0011111111111111115
29 44 0.00037037037037037019
30 44 0.0011111111111111113
31 44 0.0044444444444444436
32 44 0.0011111111111111107
33 44 0.00037037037037037019
42 44 0.00049382716049382717
43 44 0.0014814814814814818
44 44 0.0059259259259259265
45 44 0.0014814814814814805
46 44 0.00049382716049382706
55 44 0.00037037037037037035
56 44 0.0011111111111111115
57 44 0.0044444444444444462
58 44 0.0011111111111111111
59 44 0.00037037037037037035
31 45 0.0011111111111111107
32 45 0.0014814814814814803
33 45 0.0011111111111111109
44 45 0.0014814814814814805
45 45 0.0019753086419753083
46 45 0.0014814814814814812
57 45 0.0011111111111111111
58 45 0.0014814814814814814
59 45 0.0011111111111111111
31 46 0.00037037037037037019
32 46 0.0011111111111111109
33 46 0.004444444444444441
34 46 0.0011111111111111115
35 46 0.00037037037037037019
44 46 0.00049382716049382706
45 46 0.0014814814814814812
46 46 0.005925925925925923
47 46 0.0014814814814814816
48 46 0.00049382716049382717
57 46 0.00037037037037037035
58 46 0.0011111111111111111
59 46 0.0044444444444444436
60 46 0.001111111111111112
61 46 0.00037037037037037035
33 47 0.0011111111111111115
34 47 0.0014814814814814808
35 47 0.0011111111111111105
46 47 0.0014814814814814816
47 47 0.0019753086419753083
48 47 0.0014814814814814808
59 47 0.001111111111111112
60 47 0.0014814814814814814
61 47 0.0011111111111111107
33 48 0.00037037037037037019
34 48 0.0011111111111111102
35 48 0.0044444444444444392
36 48 0.0011111111111111105
37 48 0.00037037037037037019
46 48 0.00049382716049382717
47 48 0.0014814814814814808
48 48 0.0059259259259259196
49 48 0.0014814814814814803
50 48 0.00049382716049382717
59 48 0.00037037037037037035
60 48 0.0011111111111111107
61 48 0.0044444444444444418
62 48 0.0011111111111111111
63 48 0.00037037037037037035
35 49 0.0011111111111111105
36 49 0.0014814814814814808
37 49 0.0011111111111111115
48 49 0.0014814814814814803
49 49 0.0019753086419753083
50 49 0.0014814814814814823
61 49 0.0011111111111111111
62 49 0.0014814814814814814
63 49 0.0011111111111111118
35 50 0.00037037037037037019
36 50 0.0011111111111111115
37 50 0.0044444444444444427
38 50 0.0011111111111111118
39 50 0.00037037037037037024
48 50 0.00049382716049382717
49 50 0.0014814814814814823
50 50 0.0059259259259259256
51 50 0.0014814814814814818
52 50 0.00049382716049382728
61 50 0.00037037037037037035
62 50 0.0011111111111111118
63 50 0.0044444444444444453
64 50 0.0011111111111111122
65 50 0.00037037037037037046
37 51 0.0011111111111111118
38 51 0.001481481481481481
39 51 0.0011111111111111115
50 51 0.0014814814814814818
51 51 0.0019753086419753091
52 51 0.0014814814814814821
63 51 0.0011111111111111122
64 51 0.0014814814814814818
65 51 0.001111111111111112
37 52 0.00037037037037037024
38 52 0.0011111111111111115
39 52 0.0022222222222222227
50 52 0.00049382716049382728
51 52 0.0014814814814814821
52 52 0.0029629629629629646
63 52 0.00037037037037037046
64 52 0.001111111111111112
65 52 0.0022222222222222235
27 53 0.0007407407407407406
28 53 0.00037037037037037024
29 53 0.00012345679012345679
40 53 0.0022222222222222222
41 53 0.0011111111111111115
42 53 0.00037037037037037041
53 53 0.0088888888888888889
54 53 0.0044444444444444444
55 53 0.0014814814814814816
66 53 0.0022222222222222209
67 53 0.0011111111111111109
68 53 0.00037037037037037019
79 53 0.00074074074074074049
80 53 0.00037037037037037024
81 53 0.00012345679012345677
27 54 0.00037037037037037024
28 54 0.00049382716049382717
29 54 0.00037037037037037041
40 54 0.0011111111111111115
41 54 0.0014814814814814816
42 54 0.0011111111111111113
53 54 0.0044444444444444444
54 54 0.0059259259259259265
55 54 0.004444444444444447
66 54 0.0011111111111111111
67 54 0.0014814814814814808
68 54 0.0011111111111111107
79 54 0.00037037037037037024
80 54 0.00049382716049382706
81 54 0.0003703703703703703
27 55 0.00012345679012345679
28 55 0.00037037037037037035
29 55 0.0014814814814814805
30 55 0.00037037037037037014
31 55 0.00012345679012345679
40 55 0.00037037037037037041
41 55 0.0011111111111111113
42 55 0.0044444444444444436
43 55 0.0011111111111111113
44 55 0.00037037037037037041
53 55 0.0014814814814814816
54 55 0.004444444444444447
55 55 0.017777777777777781
56 55 0.0044444444444444436
57 55 0.0014814814814814816
66 55 0.00037037037037037019
67 55 0.0011111111111111107
68 55 0.004444444444444441
69 55 0.0011111111111111107
70 55 0.00037037037037037019
79 55 0.00012345679012345677
80 55 0.00037037037037037035
81 55 0.0014814814814814803
82 55 0.00037037037037037003
83 55 0.00012345679012345677
29 56 0.00037037037037037014
30 56 0.00049382716049382717
31 56 0.00037037037037037046
42 56 0.0011111111111111113
43 56 0.0014814814814814816
44 56 0.0011111111111111115
55 56 0.0044444444444444436
56 56 0.0059259259259259265
57 56 0.004444444444444447
68 56 0.0011111111111111107
69 56 0.0014814814814814808
70 56 0.0011111111111111109
81 56 0.00037037037037037003
82 56 0.00049382716049382706
83 56 0.00037037037037037035
29 57 0.00012345679012345679
30 57 0.00037037037037037046
31 57 0.0014814814814814816
32 57 0.00037037037037037008
33 57 0.00012345679012345677
42 57 0.00037037037037037041
43 57 0.0011111111111111115
44 57 0.0044444444444444462
45 57 0.0011111111111111111
46 57 0.00037037037037037035
55 57 0.0014814814814814816
56 57 0.004444444444444447
57 57 0.017777777777777785
58 57 0.0044444444444444418
59 57 0.0014814814814814816
68 57 0.00037037037037037019
69 57 0.0011111111111111109
70 57 0.0044444444444444436
71 57 0.0011111111111111105
72 57 0.00037037037037037008
81 57 0.00012345679012345677
82 57 0.00037037037037037035
83 57 0.0014814814814814814
84 57 0.00037037037037037008
85 57 0.00012345679012345674
31 58 0.00037037037037037008
32 58 0.00049382716049382706
33 58 0.00037037037037037024
44 58 0.0011111111111111111
45 58 0.0014814814814814812
46 58 0.0011111111111111111
57 58 0.0044444444444444418
58 58 0.0059259259259259256
59 58 0.0044444444444444453
70 58 0.0011111111111111105
71 58 0.0014814814814814805
72 58 0.0011111111111111105
83 58 0.00037037037037037003
84 58 0.00049382716049382696
85 58 0.00037037037037037019
31 59 0.00012345679012345677
32 59 0.00037037037037037024
33 59 0.0014814814814814805
34 59 0.00037037037037037041
35 59 0.00012345679012345677
44 59 0.00037037037037037035
45 59 0.0011111111111111111
46 59 0.0044444444444444436
47 59 0.001111111111111112
48 59 0.00037037037037037035
57 59 0.0014814814814814816
58 59 0.0044444444444444453
59 59 0.017777777777777781
60 59 0.0044444444444444462
61 59 0.0014814814814814818
70 59 0.00037037037037037014
71 59 0.0011111111111111105
72 59 0.004444444444444441
73 59 0.0011111111111111115
74 59 0.00037037037037037019
83 59 0.00012345679012345674
84 59 0.00037037037037037019
85 59 0.0014814814814814808
86 59 0.00037037037037037041
87 59 0.00012345679012345677
33 60 0.00037037037037037041
34 60 0.00049382716049382717
35 60 0.00037037037037037019
46 60 0.001111111111111112
47 60 0.0014814814814814814
48 60 0.0011111111111111107
59 60 0.0044444444444444479
60 60 0.0059259259259259274
61 60 0.0044444444444444444
72 60 0.0011111111111111118
73 60 0.0014814814814814808
74 60 0.0011111111111111102
85 60 0.00037037037037037041
86 60 0.00049382716049382717
87 60 0.00037037037037037019
33 61 0.00012345679012345677
34 61 0.00037037037037037019
35 61 0.0014814814814814799
36 61 0.00037037037037037008
37 61 0.00012345679012345677
46 61 0.00037037037037037035
47 61 0.0011111111111111107
48 61 0.0044444444444444418
49 61 0.0011111111111111111
50 61 0.00037037037037037035
59 61 0.0014814814814814818
60 61 0.0044444444444444444
61 61 0.017777777777777771
62 61 0.0044444444444444436
63 61 0.0014814814814814818
72 61 0.00037037037037037019
73 61 0.0011111111111111102
74 61 0.0044444444444444384
75 61 0.0011111111111111105
76 61 0.00037037037037037019
85 61 0.00012345679012345677
86 61 0.00037037037037037019
87 61 0.0014814814814814799
88 61 0.00037037037037037008
89 61 0.00012345679012345677
35 62 0.00037037037037037008
36 62 0.00049382716049382717
37 62 0.00037037037037037057
48 62 0.0011111111111111111
49 62 0.0014814814814814814
50 62 0.0011111111111111118
61 62 0.0044444444444444436
62 62 0.0059259259259259274
63 62 0.0044444444444444496
74 62 0.0011111111111111105
75 62 0.0014814814814814808
76 62 0.0011111111111111113
87 62 0.00037037037037037008
88 62 0.00049382716049382717
89 62 0.00037037037037037051
35 63 0.00012345679012345677
36 63 0.00037037037037037051
37 63 0.0014814814814814814
38 63 0.00037037037037037046
39 63 0.00012345679012345679
48 63 0.00037037037037037035
49 63 0.0011111111111111118
50 63 0.0044444444444444462
51 63 0.0011111111111111122
52 63 0.00037037037037037046
61 63 0.0014814814814814818
62 63 0.0044444444444444488
63 63 0.017777777777777785
64 63 0.0044444444444444462
65 63 0.0014814814814814818
74 63 0.00037037037037037019
75 63 0.0011111111111111113
76 63 0.0044444444444444436
77 63 0.0011111111111111113
78 63 0.0003703703703703703
87 63 0.00012345679012345677
88 63 0.00037037037037037051
89 63 0.0014814814814814814
90 63 0.00037037037037037035
91 63 0.00012345679012345679
37 64 0.00037037037037037046
38 64 0.00049382716049382728
39 64 0.00037037037037037051
50 64 0.0011111111111111122
51 64 0.0014814814814814818
52 64 0.001111111111111112
63 64 0.0044444444444444462
64 64 0.0059259259259259282
65 64 0.0044444444444444488
76 64 0.0011111111111111115
77 64 0.0014814814814814812
78 64 0.0011111111111111111
89 64 0.00037037037037037035
90 64 0.00049382716049382717
91 64 0.00037037037037037046
37 65 0.00012345679012345682
38 65 0.00037037037037037051
39 65 0.00074074074074074103
50 65 0.00037037037037037046
51 65 0.001111111111111112
52 65 0.0022222222222222235
63 65 0.0014814814814814821
64 65 0.0044444444444444488
65 65 0.0088888888888888976
76 65 0.0003703703703703703
77 65 0.0011111111111111111
78 65 0.0022222222222222231
89 65 0.00012345679012345679
90 65 0.00037037037037037046
91 65 0.00074074074074074114
53 66 0.0022222222222222214
54 66 0.0011111111111111109
55 66 0.00037037037037037019
66 66 0.0029629629629629615
67 66 0.001481481481481481
68 66 0.00049382716049382706
79 66 0.0022222222222222214
80 66 0.0011111111111111111
81 66 0.00037037037037037019
53 67 0.0011111111111111109
54 67 0.0014814814814814808
55 67 0.0011111111111111107
66 67 0.001481481481481481
67 67 0.0019753086419753083
68 67 0.0014814814814814814
79 67 0.0011111111111111111
80 67 0.0014814814814814808
81 67 0.0011111111111111109
53 68 0.00037037037037037019
54 68 0.0011111111111111107
55 68 0.004444444444444441
56 68 0.0011111111111111107
57 68 0.00037037037037037019
66 68 0.00049382716049382706
67 68 0.0014814814814814814
68 68 0.0059259259259259213
69 68 0.0014814814814814801
70 68 0.00049382716049382706
79 68 0.00037037037037037019
80 68 0.0011111111111111109
81 68 0.0044444444444444418
82 68 0.0011111111111111109
83 68 0.00037037037037037019
55 69 0.0011111111111111107
56 69 0.0014814814814814808
57 69 0.0011111111111111109
68 69 0.0014814814814814801
69 69 0.0019753086419753083
70 69 0.0014814814814814814
81 69 0.0011111111111111109
82 69 0.0014814814814814808
83 69 0.0011111111111111111
55 70 0.00037037037037037019
56 70 0.0011111111111111109
57 70 0.0044444444444444436
58 70 0.0011111111111111107
59 70 0.00037037037037037019
68 70 0.00049382716049382706
69 70 0.0014814814814814814
70 70 0.0059259259259259248
71 70 0.0014814814814814803
72 70 0.00049382716049382696
81 70 0.00037037037037037019
82 70 0.0011111111111111111
83 70 0.0044444444444444453
84 70 0.0011111111111111107
85 70 0.00037037037037037019
57 71 0.0011111111111111107
58 71 0.0014814814814814803
59 71 0.0011111111111111105
70 71 0.0014814814814814803
71 71 0.0019753086419753078
72 71 0.001481481481481481
83 71 0.0011111111111111107
84 71 0.0014814814814814808
85 71 0.0011111111111111107
57 72 0.00037037037037037014
58 72 0.0011111111111111105
59 72 0.004444444444444441
60 72 0.0011111111111111115
61 72 0.00037037037037037019
70 72 0.00049382716049382696
71 72 0.001481481481481481
72 72 0.005925925925925923
73 72 0.0014814814814814816
74 72 0.00049382716049382706
83 72 0.00037037037037037019
84 72 0.0011111111111111107
85 72 0.0044444444444444418
86 72 0.0011111111111111118
87 72 0.00037037037037037019
59 73 0.0011111111111111115
60 73 0.0014814814814814808
61 73 0.0011111111111111102
72 73 0.0014814814814814816
73 73 0.0019753086419753083
74 73 0.0014814814814814805
85 73 0.0011111111111111118
86 73 0.0014814814814814808
87 73 0.0011111111111111105
59 74 0.00037037037037037019
60 74 0.0011111111111111102
61 74 0.0044444444444444384
62 74 0.0011111111111111105
63 74 0.00037037037037037019
72 74 0.00049382716049382706
73 74 0.0014814814814814805
74 74 0.0059259259259259196
75 74 0.0014814814814814803
76 74 0.00049382716049382706
85 74 0.00037037037037037024
86 74 0.0011111111111111105
87 74 0.0044444444444444401
88 74 0.0011111111111111109
89 74 0.00037037037037037019
61 75 0.0011111111111111105
62 75 0.0014814814814814808
63 75 0.0011111111111111113
74 75 0.0014814814814814803
75 75 0.0019753086419753083
76 75 0.0014814814814814821
87 75 0.0011111111111111109
88 75 0.0014814814814814808
89 75 0.0011111111111111115
61 76 0.00037037037037037019
62 76 0.0011111111111111113
63 76 0.0044444444444444436
64 76 0.0011111111111111115
65 76 0.00037037037037037019
74 76 0.00049382716049382706
75 76 0.0014814814814814821
76 76 0.0059259259259259239
77 76 0.0014814814814814814
78 76 0.00049382716049382717
87 76 0.00037037037037037024
88 76 0.0011111111111111115
89 76 0.0044444444444444444
90 76 0.0011111111111111113
91 76 0.0003703703703703703
63 77 0.0011111111111111118
64 77 0.0014814814814814812
65 77 0.0011111111111111111
76 77 0.0014814814814814814
77 77 0.0019753086419753087
78 77 0.0014814814814814818
89 77 0.0011111111111111115
90 77 0.0014814814814814812
91 77 0.0011111111111111115
63 78 0.00037037037037037019
64 78 0.0011111111111111111
65 78 0.0022222222222222231
76 78 0.00049382716049382717
77 78 0.0014814814814814818
78 78 0.0029629629629629646
89 78 0.0003703703703703703
90 78 0.0011111111111111113
91 78 0.0022222222222222227
53 79 0.00074074074074074038
54 79 0.00037037037037037024
55 79 0.00012345679012345677
66 79 0.0022222222222222214
67 79 0.0011111111111111111
68 79 0.00037037037037037019
79 79 0.0088888888888888854
80 79 0.0044444444444444427
81 79 0.001481481481481481
92 79 0.0022222222222222227
93 79 0.001111111111111112
94 79 0.00037037037037037046
105 79 0.00074074074074074049
106 79 0.00037037037037037024
107 79 0.00012345679012345679
53 80 0.00037037037037037019
54 80 0.00049382716049382706
55 80 0.00037037037037037035
66 80 0.0011111111111111111
67 80 0.0014814814814814808
68 80 0.0011111111111111109
79 80 0.0044444444444444427
80 80 0.0059259259259259248
81 80 0.0044444444444444453
92 80 0.001111111111111112
93 80 0.0014814814814814818
94 80 0.0011111111111111118
105 80 0.00037037037037037024
106 80 0.00049382716049382717
107 80 0.00037037037037037041
53 81 0.00012345679012345677
54 81 0.00037037037037037035
55 81 0.0014814814814814803
56 81 0.00037037037037037003
57 81 0.00012345679012345677
66 81 0.00037037037037037019
67 81 0.0011111111111111109
68 81 0.0044444444444444418
69 81 0.0011111111111111109
70 81 0.00037037037037037019
79 81 0.0014814814814814812
80 81 0.0044444444444444444
81 81 0.017777777777777771
82 81 0.0044444444444444418
83 81 0.001481481481481481
92 81 0.00037037037037037046
93 81 0.0011111111111111118
94 81 0.0044444444444444436
95 81 0.0011111111111111115
96 81 0.00037037037037037046
105 81 0.00012345679012345679
106 81 0.00037037037037037035
107 81 0.0014814814814814805
108 81 0.00037037037037037014
109 81 0.00012345679012345679
55 82 0.00037037037037037003
56 82 0.00049382716049382706
57 82 0.00037037037037037035
68 82 0.0011111111111111109
69 82 0.0014814814814814808
70 82 0.0011111111111111113
81 82 0.0044444444444444418
82 82 0.0059259259259259239
83 82 0.0044444444444444453
94 82 0.0011111111111111115
95 82 0.0014814814814814818
96 82 0.001111111111111112
107 82 0.00037037037037037014
108 82 0.00049382716049382717
109 82 0.00037037037037037041
55 83 0.00012345679012345677
56 83 0.00037037037037037035
57 83 0.0014814814814814816
58 83 0.00037037037037037003
59 83 0.00012345679012345674
68 83 0.00037037037037037019
69 83 0.0011111111111111111
70 83 0.0044444444444444444
71 83 0.0011111111111111107
72 83 0.00037037037037037014
81 83 0.001481481481481481
82 83 0.0044444444444444453
83 83 0.017777777777777778
84 83 0.004444444444444441
85 83 0.0014814814814814808
94 83 0.00037037037037037046
95 83 0.001111111111111112
96 83 0.004444444444444447
97 83 0.0011111111111111118
98 83 0.00037037037037037041
107 83 0.00012345679012345679
108 83 0.00037037037037037041
109 83 0.0014814814814814816
110 83 0.00037037037037037014
111 83 0.00012345679012345677
57 84 0.00037037037037037003
58 84 0.00049382716049382696
59 84 0.00037037037037037019
70 84 0.0011111111111111107
71 84 0.0014814814814814805
72 84 0.0011111111111111107
83 84 0.004444444444444441
84 84 0.005925925925925923
85 84 0.0044444444444444436
96 84 0.0011111111111111115
97 84 0.0014814814814814816
98 84 0.0011111111111111113
109 84 0.00037037037037037014
110 84 0.00049382716049382706
111 84 0.00037037037037037024
57 85 0.00012345679012345674
58 85 0.00037037037037037024
59 85 0.0014814814814814808
60 85 0.00037037037037037041
61 85 0.00012345679012345679
70 85 0.00037037037037037014
71 85 0.0011111111111111107
72 85 0.0044444444444444418
73 85 0.0011111111111111118
74 85 0.00037037037037037024
83 85 0.001481481481481481
84 85 0.0044444444444444427
85 85 0.017777777777777771
86 85 0.0044444444444444444
87 85 0.0014814814814814812
96 85 0.00037037037037037041
97 85 0.0011111111111111113
98 85 0.0044444444444444444
99 85 0.0011111111111111124
100 85 0.00037037037037037051
109 85 0.00012345679012345677
110 85 0.00037037037037037024
111 85 0.001481481481481481
112 85 0.00037037037037037041
113 85 0.00012345679012345679
59 86 0.00037037037037037041
60 86 0.00049382716049382717
61 86 0.00037037037037037019
72 86 0.0011111111111111118
73 86 0.001481481481481481
74 86 0.0011111111111111105
85 86 0.0044444444444444453
86 86 0.0059259259259259248
87 86 0.0044444444444444427
98 86 0.0011111111111111126
99 86 0.0014814814814814823
100 86 0.0011111111111111113
111 86 0.00037037037037037046
112 86 0.00049382716049382717
113 86 0.0003703703703703703
59 87 0.00012345679012345677
60 87 0.00037037037037037019
61 87 0.0014814814814814799
62 87 0.00037037037037037008
63 87 0.00012345679012345679
72 87 0.00037037037037037024
73 87 0.0011111111111111105
74 87 0.0044444444444444401
75 87 0.0011111111111111109
76 87 0.00037037037037037024
85 87 0.0014814814814814812
86 87 0.0044444444444444427
87 87 0.01777777777777776
88 87 0.0044444444444444401
89 87 0.0014814814814814812
98 87 0.00037037037037037057
99 87 0.0011111111111111113
100 87 0.0044444444444444427
101 87 0.0011111111111111113
102 87 0.00037037037037037051
111 87 0.00012345679012345682
112 87 0.0003703703703703703
113 87 0.0014814814814814799
114 87 0.00037037037037037008
115 87 0.00012345679012345679
61 88 0.00037037037037037008
62 88 0.00049382716049382717
63 88 0.00037037037037037051
74 88 0.0011111111111111109
75 88 0.001481481481481481
76 88 0.0011111111111111115
87 88 0.004444444444444441
88 88 0.0059259259259259248
89 88 0.0044444444444444479
100 88 0.0011111111111111113
101 88 0.0014814814814814823
102 88 0.0011111111111111124
113 88 0.00037037037037037008
114 88 0.00049382716049382717
115 88 0.00037037037037037062
61 89 0.00012345679012345677
62 89 0.00037037037037037051
63 89 0.0014814814814814814
64 89 0.00037037037037037035
65 89 0.00012345679012345679
74 89 0.00037037037037037024
75 89 0.0011111111111111115
76 89 0.0044444444444444444
77 89 0.0011111111111111113
78 89 0.0003703703703703703
87 89 0.0014814814814814812
88 89 0.0044444444444444479
89 89 0.017777777777777781
90 89 0.0044444444444444444
91 89 0.0014814814814814812
100 89 0.00037037037037037057
101 89 0.0011111111111111124
102 89 0.004444444444444447
103 89 0.0011111111111111126
104 89 0.00037037037037037051
113 89 0.00012345679012345682
114 89 0.00037037037037037062
115 89 0.0014814814814814816
116 89 0.00037037037037037041
117 89 0.00012345679012345682
63 90 0.00037037037037037035
64 90 0.00049382716049382717
65 90 0.00037037037037037046
76 90 0.0011111111111111113
77 90 0.0014814814814814812
78 90 0.0011111111111111113
89 90 0.0044444444444444444
90 90 0.0059259259259259256
91 90 0.0044444444444444462
102 90 0.0011111111111111126
103 90 0.0014814814814814823
104 90 0.0011111111111111124
115 90 0.00037037037037037046
116 90 0.00049382716049382728
117 90 0.00037037037037037051
63 91 0.00012345679012345679
64 91 0.00037037037037037041
65 91 0.00074074074074074114
76 91 0.0003703703703703703
77 91 0.0011111111111111113
78 91 0.0022222222222222227
89 91 0.0014814814814814812
90 91 0.0044444444444444462
91 91 0.0088888888888888906
102 91 0.00037037037037037051
103 91 0.0011111111111111122
104 91 0.0022222222222222248
115 91 0.00012345679012345682
116 91 0.00037037037037037051
117 91 0.00074074074074074114
79 92 0.0022222222222222231
80 92 0.001111111111111112
81 92 0.00037037037037037046
92 92 0.0029629629629629628
93 92 0.001481481481481481
94 92 0.00049382716049382706
105 92 0.0022222222222222209
106 92 0.0011111111111111107
107 92 0.00037037037037037014
79 93 0.001111111111111112
80 93 0.0014814814814814818
81 93 0.0011111111111111118
92 93 0.001481481481481481
93 93 0.0019753086419753083
94 93 0.0014814814814814814
105 93 0.0011111111111111107
106 93 0.0014814814814814805
107 93 0.0011111111111111107
79 94 0.00037037037037037046
80 94 0.0011111111111111118
81 94 0.0044444444444444453
82 94 0.0011111111111111115
83 94 0.00037037037037037046
92 94 0.00049382716049382706
93 94 0.0014814814814814814
94 94 0.0059259259259259222
95 94 0.0014814814814814805
96 94 0.00049382716049382706
105 94 0.00037037037037037014
106 94 0.0011111111111111107
107 94 0.004444444444444441
108 94 0.0011111111111111102
109 94 0.00037037037037037014
81 95 0.0011111111111111115
82 95 0.0014814814814814818
83 95 0.001111111111111112
94 95 0.0014814814814814805
95 95 0.0019753086419753083
96 95 0.0014814814814814816
107 95 0.0011111111111111102
108 95 0.0014814814814814805
109 95 0.0011111111111111109
81 96 0.00037037037037037046
82 96 0.001111111111111112
83 96 0.0044444444444444488
84 96 0.0011111111111111118
85 96 0.00037037037037037041
94 96 0.00049382716049382706
95 96 0.0014814814814814816
96 96 0.0059259259259259265
97 96 0.0014814814814814808
98 96 0.00049382716049382717
107 96 0.00037037037037037014
108 96 0.0011111111111111109
109 96 0.0044444444444444436
110 96 0.0011111111111111102
111 96 0.00037037037037037008
83 97 0.0011111111111111118
84 97 0.0014814814814814816
85 97 0.0011111111111111115
96 97 0.0014814814814814808
97 97 0.0019753086419753083
98 97 0.0014814814814814812
109 97 0.0011111111111111102
110 97 0.0014814814814814803
111 97 0.0011111111111111105
83 98 0.00037037037037037041
84 98 0.0011111111111111115
85 98 0.0044444444444444453
86 98 0.0011111111111111126
87 98 0.00037037037037037057
96 98 0.00049382716049382717
97 98 0.0014814814814814816
98 98 0.0059259259259259239
99 98 0.0014814814814814821
100 98 0.00049382716049382717
109 98 0.00037037037037037008
110 98 0.0011111111111111105
111 98 0.0044444444444444418
112 98 0.0011111111111111113
113 98 0.00037037037037037014
85 99 0.0011111111111111124
86 99 0.0014814814814814818
87 99 0.0011111111111111113
98 99 0.0014814814814814818
99 99 0.0019753086419753083
100 99 0.0014814814814814808
111 99 0.0011111111111111113
112 99 0.0014814814814814805
113 99 0.0011111111111111102
85 100 0.00037037037037037057
86 100 0.0011111111111111113
87 100 0.0044444444444444436
88 100 0.0011111111111111113
89 100 0.00037037037037037057
98 100 0.00049382716049382717
99 100 0.0014814814814814812
100 100 0.0059259259259259196
101 100 0.0014814814814814803
102 100 0.00049382716049382717
111 100 0.00037037037037037014
112 100 0.0011111111111111102
113 100 0.0044444444444444401
114 100 0.0011111111111111105
115 100 0.00037037037037037014
87 101 0.0011111111111111113
88 101 0.0014814814814814818
89 101 0.0011111111111111124
100 101 0.0014814814814814803
101 101 0.0019753086419753083
102 101 0.0014814814814814821
113 101 0.0011111111111111105
114 101 0.0014814814814814805
115 101 0.0011111111111111113
87 102 0.00037037037037037057
88 102 0.0011111111111111124
89 102 0.004444444444444447
90 102 0.0011111111111111126
91 102 0.00037037037037037051
100 102 0.00049382716049382717
101 102 0.0014814814814814825
102 102 0.0059259259259259256
103 102 0.0014814814814814814
104 102 0.00049382716049382728
113 102 0.00037037037037037014
114 102 0.0011111111111111113
115 102 0.0044444444444444436
116 102 0.0011111111111111111
117 102 0.00037037037037037019
89 103 0.0011111111111111126
90 103 0.0014814814814814823
91 103 0.0011111111111111122
102 103 0.0014814814814814814
103 103 0.0019753086419753091
104 103 0.0014814814814814821
115 103 0.0011111111111111111
116 103 0.0014814814814814808
117 103 0.0011111111111111111
89 104 0.00037037037037037057
90 104 0.0011111111111111122
91 104 0.0022222222222222248
102 104 0.00049382716049382728
103 104 0.0014814814814814821
104 104 0.0029629629629629646
115 104 0.00037037037037037019
116 104 0.0011111111111111111
117 104 0.0022222222222222222
79 105 0.0007407407407407407
80 105 0.00037037037037037024
81 105 0.00012345679012345679
92 105 0.0022222222222222209
93 105 0.0011111111111111107
94 105 0.00037037037037037014
105 105 0.0088888888888888802
106 105 0.0044444444444444401
107 105 0.0014814814814814803
118 105 0.0022222222222222205
119 105 0.0011111111111111107
120 105 0.00037037037037037014
131 105 0.00074074074074074049
132 105 0.00037037037037037024
133 105 0.00012345679012345679
79 106 0.00037037037037037024
80 106 0.00049382716049382717
81 106 0.00037037037037037035
92 106 0.0011111111111111105
93 106 0.0014814814814814805
94 106 0.0011111111111111107
105 106 0.0044444444444444401
106 106 0.0059259259259259213
107 106 0.0044444444444444427
118 106 0.0011111111111111107
119 106 0.0014814814814814805
120 106 0.0011111111111111109
131 106 0.00037037037037037024
132 106 0.00049382716049382717
133 106 0.00037037037037037035
79 107 0.00012345679012345679
80 107 0.00037037037037037041
81 107 0.0014814814814814805
82 107 0.00037037037037037014
83 107 0.00012345679012345679
92 107 0.00037037037037037014
93 107 0.0011111111111111109
94 107 0.004444444444444441
95 107 0.0011111111111111102
96 107 0.00037037037037037014
105 107 0.0014814814814814803
106 107 0.0044444444444444427
107 107 0.01777777777777776
108 107 0.0044444444444444392
109 107 0.0014814814814814803
118 107 0.00037037037037037014
119 107 0.0011111111111111111
120 107 0.0044444444444444401
121 107 0.0011111111111111105
122 107 0.00037037037037037014
131 107 0.00012345679012345679
132 107 0.00037037037037037041
133 107 0.0014814814814814805
134 107 0.00037037037037037014
135 107 0.00012345679012345679
81 108 0.00037037037037037014
82 108 0.00049382716049382717
83 108 0.00037037037037037041
94 108 0.0011111111111111102
95 108 0.0014814814814814805
96 108 0.0011111111111111109
107 108 0.0044444444444444392
108 108 0.0059259259259259213
109 108 0.0044444444444444427
120 108 0.0011111111111111102
121 108 0.0014814814814814805
122 108 0.0011111111111111109
133 108 0.00037037037037037014
134 108 0.00049382716049382717
135 108 0.00037037037037037035
81 109 0.00012345679012345679
82 109 0.00037037037037037041
83 109 0.0014814814814814816
84 109 0.00037037037037037019
85 109 0.00012345679012345677
94 109 0.00037037037037037014
95 109 0.0011111111111111109
96 109 0.0044444444444444436
97 109 0.0011111111111111102
98 109 0.00037037037037037008
107 109 0.0014814814814814803
108 109 0.0044444444444444427
109 109 0.017777777777777767
110 109 0.0044444444444444384
111 109 0.0014814814814814803
120 109 0.00037037037037037014
121 109 0.0011111111111111111
122 109 0.0044444444444444444
123 109 0.0011111111111111105
124 109 0.00037037037037037008
133 109 0.00012345679012345679
134 109 0.00037037037037037041
135 109 0.0014814814814814816
136 109 0.00037037037037037014
137 109 0.00012345679012345677
83 110 0.00037037037037037019
84 110 0.00049382716049382706
85 110 0.0003703703703703703
96 110 0.0011111111111111102
97 110 0.0014814814814814803
98 110 0.0011111111111111105
109 110 0.0044444444444444384
110 110 0.0059259259259259204
111 110 0.004444444444444441
122 110 0.0011111111111111102
123 110 0.0014814814814814803
124 110 0.0011111111111111107
135 110 0.00037037037037037014
136 110 0.00049382716049382706
137 110 0.00037037037037037035
83 111 0.00012345679012345677
84 111 0.0003703703703703703
85 111 0.001481481481481481
86 111 0.00037037037037037046
87 111 0.00012345679012345679
96 111 0.00037037037037037008
97 111 0.0011111111111111105
98 111 0.0044444444444444418
99 111 0.0011111111111111113
100 111 0.00037037037037037014
109 111 0.0014814814814814803
110 111 0.004444444444444441
111 111 0.01777777777777776
112 111 0.0044444444444444418
113 111 0.0014814814814814805
122 111 0.00037037037037037008
123 111 0.0011111111111111107
124 111 0.004444444444444441
125 111 0.0011111111111111115
126 111 0.00037037037037037014
135 111 0.00012345679012345677
136 111 0.0003703703703703703
137 111 0.001481481481481481
138 111 0.00037037037037037041
139 111 0.00012345679012345679
85 112 0.00037037037037037046
86 112 0.00049382716049382717
87 112 0.0003703703703703703
98 112 0.0011111111111111111
99 112 0.0014814814814814805
100 112 0.0011111111111111102
111 112 0.0044444444444444427
112 112 0.0059259259259259222
113 112 0.004444444444444441
124 112 0.0011111111111111113
125 112 0.0014814814814814805
126 112 0.0011111111111111105
137 112 0.00037037037037037041
138 112 0.00049382716049382717
139 112 0.0003703703703703703
85 113 0.00012345679012345679
86 113 0.0003703703703703703
87 113 0.0014814814814814799
88 113 0.00037037037037037008
89 113 0.00012345679012345679
98 113 0.00037037037037037014
99 113 0.0011111111111111102
100 113 0.0044444444444444401
101 113 0.0011111111111111105
102 113 0.00037037037037037014
111 113 0.0014814814814814805
112 113 0.004444444444444441
113 113 0.01777777777777775
114 113 0.0044444444444444384
115 113 0.0014814814814814805
124 113 0.00037037037037037014
125 113 0.0011111111111111105
126 113 0.0044444444444444384
127 113 0.0011111111111111105
128 113 0.00037037037037037014
137 113 0.00012345679012345682
138 113 0.0003703703703703703
139 113 0.0014814814814814799
140 113 0.00037037037037037008
141 113 0.00012345679012345679
87 114 0.00037037037037037008
88 114 0.00049382716049382717
89 114 0.00037037037037037062
100 114 0.0011111111111111102
101 114 0.0014814814814814805
102 114 0.0011111111111111113
113 114 0.0044444444444444384
114 114 0.0059259259259259222
115 114 0.0044444444444444453
126 114 0.0011111111111111105
127 114 0.0014814814814814805
128 114 0.0011111111111111113
139 114 0.00037037037037037008
140 114 0.00049382716049382717
141 114 0.00037037037037037062
87 115 0.00012345679012345679
88 115 0.00037037037037037062
89 115 0.0014814814814814816
90 115 0.00037037037037037041
91 115 0.00012345679012345682
100 115 0.00037037037037037014
101 115 0.0011111111111111113
102 115 0.0044444444444444436
103 115 0.0011111111111111111
104 115 0.00037037037037037019
113 115 0.0014814814814814805
114 115 0.0044444444444444453
115 115 0.017777777777777767
116 115 0.0044444444444444427
117 115 0.0014814814814814803
126 115 0.00037037037037037014
127 115 0.0011111111111111113
128 115 0.0044444444444444436
129 115 0.0011111111111111113
130 115 0.00037037037037037019
139 115 0.00012345679012345682
140 115 0.00037037037037037062
141 115 0.0014814814814814816
142 115 0.00037037037037037041
143 115 0.00012345679012345682
89 116 0.00037037037037037041
90 116 0.00049382716049382728
91 116 0.00037037037037037046
102 116 0.0011111111111111111
103 116 0.0014814814814814808
104 116 0.0011111111111111111
115 116 0.0044444444444444427
116 116 0.0059259259259259222
117 116 0.0044444444444444436
128 116 0.0011111111111111113
129 116 0.001481481481481481
130 116 0.0011111111111111113
141 116 0.00037037037037037041
142 116 0.00049382716049382728
143 116 0.00037037037037037051
89 117 0.00012345679012345682
90 117 0.00037037037037037046
91 117 0.00074074074074074114
102 117 0.00037037037037037019
103 117 0.0011111111111111111
104 117 0.0022222222222222218
115 117 0.0014814814814814803
116 117 0.0044444444444444436
117 117 0.0088888888888888854
128 117 0.00037037037037037019
129 117 0.0011111111111111113
130 117 0.0022222222222222227
141 117 0.00012345679012345682
142 117 0.00037037037037037051
143 117 0.00074074074074074114
105 118 0.0022222222222222205
106 118 0.0011111111111111107
107 118 0.00037037037037037014
118 118 0.0029629629629629628
119 118 0.001481481481481481
120 118 0.00049382716049382706
131 118 0.0022222222222222231
132 118 0.0011111111111111118
133 118 0.00037037037037037046
105 119 0.0011111111111111107
106 119 0.0014814814814814805
107 119 0.0011111111111111109
118 119 0.001481481481481481
119 119 0.0019753086419753083
120 119 0.0014814814814814814
131 119 0.0011111111111111118
132 119 0.0014814814814814818
133 119 0.0011111111111111118
105 120 0.00037037037037037014
106 120 0.0011111111111111109
107 120 0.0044444444444444418
108 120 0.0011111111111111102
109 120 0.00037037037037037014
118 120 0.00049382716049382706
119 120 0.0014814814814814814
120 120 0.0059259259259259222
121 120 0.0014814814814814805
122 120 0.00049382716049382706
131 120 0.00037037037037037046
132 120 0.0011111111111111118
133 120 0.0044444444444444453
134 120 0.0011111111111111113
135 120 0.00037037037037037046
107 121 0.0011111111111111102
108 121 0.0014814814814814805
109 121 0.0011111111111111109
120 121 0.0014814814814814805
121 121 0.0019753086419753083
122 121 0.0014814814814814816
133 121 0.0011111111111111113
134 121 0.0014814814814814818
135 121 0.0011111111111111118
107 122 0.00037037037037037014
108 122 0.0011111111111111109
109 122 0.0044444444444444444
110 122 0.0011111111111111105
111 122 0.00037037037037037008
120 122 0.00049382716049382706
121 122 0.0014814814814814816
122 122 0.0059259259259259265
123 122 0.0014814814814814808
124 122 0.00049382716049382717
133 122 0.00037037037037037046
134 122 0.0011111111111111118
135 122 0.004444444444444447
136 122 0.0011111111111111115
137 122 0.00037037037037037046
109 123 0.0011111111111111105
110 123 0.0014814814814814803
111 123 0.0011111111111111107
122 123 0.0014814814814814808
123 123 0.0019753086419753083
124 123 0.0014814814814814812
135 123 0.0011111111111111115
136 123 0.0014814814814814816
137 123 0.0011111111111111115
109 124 0.00037037037037037008
110 124 0.0011111111111111107
111 124 0.0044444444444444418
112 124 0.0011111111111111115
113 124 0.00037037037037037014
122 124 0.00049382716049382717
123 124 0.0014814814814814816
124 124 0.0059259259259259239
125 124 0.0014814814814814821
126 124 0.00049382716049382717
135 124 0.00037037037037037046
136 124 0.0011111111111111115
137 124 0.0044444444444444462
138 124 0.0011111111111111124
139 124 0.00037037037037037057
111 125 0.0011111111111111115
112 125 0.0014814814814814805
113 125 0.0011111111111111102
124 125 0.0014814814814814818
125 125 0.0019753086419753083
126 125 0.0014814814814814808
137 125 0.0011111111111111124
138 125 0.0014814814814814818
139 125 0.0011111111111111111
111 126 0.00037037037037037014
112 126 0.0011111111111111105
113 126 0.0044444444444444401
114 126 0.0011111111111111105
115 126 0.00037037037037037014
124 126 0.00049382716049382717
125 126 0.0014814814814814812
126 126 0.0059259259259259196
127 126 0.0014814814814814803
128 126 0.00049382716049382717
137 126 0.00037037037037037057
138 126 0.0011111111111111111
139 126 0.0044444444444444436
140 126 0.0011111111111111113
141 126 0.00037037037037037057
113 127 0.0011111111111111105
114 127 0.0014814814814814805
115 127 0.0011111111111111115
126 127 0.0014814814814814803
127 127 0.0019753086419753083
128 127 0.0014814814814814821
139 127 0.0011111111111111113
140 127 0.0014814814814814818
141 127 0.0011111111111111122
113 128 0.00037037037037037014
114 128 0.0011111111111111115
115 128 0.0044444444444444436
116 128 0.0011111111111111113
117 128 0.00037037037037037019
126 128 0.00049382716049382717
127 128 0.0014814814814814825
128 128 0.0059259259259259256
129 128 0.0014814814814814814
130 128 0.00049382716049382728
139 128 0.00037037037037037057
140 128 0.0011111111111111122
141 128 0.004444444444444447
142 128 0.0011111111111111124
143 128 0.00037037037037037051
115 129 0.0011111111111111113
116 129 0.0014814814814814808
117 129 0.0011111111111111113
128 129 0.0014814814814814814
129 129 0.0019753086419753091
130 129 0.0014814814814814821
141 129 0.0011111111111111124
142 129 0.0014814814814814821
143 129 0.0011111111111111122
115 130 0.00037037037037037019
116 130 0.0011111111111111113
117 130 0.0022222222222222231
128 130 0.00049382716049382728
129 130 0.0014814814814814821
130 130 0.0029629629629629646
141 130 0.00037037037037037051
142 130 0.0011111111111111122
143 130 0.002222222222222224
105 131 0.0007407407407407407
106 131 0.00037037037037037024
107 131 0.00012345679012345679
118 131 0.0022222222222222227
119 131 0.0011111111111111118
120 131 0.00037037037037037046
131 131 0.0088888888888888871
132 131 0.0044444444444444444
133 131 0.0014814814814814816
144 131 0.0022222222222222231
145 131 0.001111111111111112
146 131 0.00037037037037037046
157 131 0.0007407407407407407
158 131 0.0003703703703703703
159 131 0.00012345679012345682
105 132 0.00037037037037037024
106 132 0.00049382716049382717
107 132 0.00037037037037037041
118 132 0.0011111111111111118
119 132 0.0014814814814814818
120 132 0.0011111111111111118
131 132 0.0044444444444444444
132 132 0.0059259259259259265
133 132 0.0044444444444444462
144 132 0.001111111111111112
145 132 0.0014814814814814818
146 132 0.0011111111111111118
157 132 0.0003703703703703703
158 132 0.00049382716049382728
159 132 0.00037037037037037041
105 133 0.00012345679012345679
106 133 0.00037037037037037035
107 133 0.0014814814814814805
108 133 0.00037037037037037014
109 133 0.00012345679012345679
118 133 0.00037037037037037046
119 133 0.0011111111111111118
120 133 0.0044444444444444444
121 133 0.0011111111111111113
122 133 0.00037037037037037046
131 133 0.0014814814814814816
132 133 0.0044444444444444462
133 133 0.017777777777777774
134 133 0.0044444444444444418
135 133 0.0014814814814814816
144 133 0.00037037037037037046
145 133 0.0011111111111111118
146 133 0.0044444444444444436
147 133 0.0011111111111111113
148 133 0.00037037037037037046
157 133 0.00012345679012345682
158 133 0.00037037037037037041
159 133 0.001481481481481481
160 133 0.00037037037037037014
161 133 0.00012345679012345679
107 134 0.00037037037037037014
108 134 0.00049382716049382717
109 134 0.00037037037037037041
120 134 0.0011111111111111113
121 134 0.0014814814814814818
122 134 0.0011111111111111118
133 134 0.0044444444444444418
134 134 0.0059259259259259265
135 134 0.0044444444444444479
146 134 0.0011111111111111113
147 134 0.0014814814814814818
148 134 0.001111111111111112
159 134 0.00037037037037037014
160 134 0.00049382716049382728
161 134 0.00037037037037037046
107 135 0.00012345679012345679
108 135 0.00037037037037037041
109 135 0.0014814814814814816
110 135 0.00037037037037037019
111 135 0.00012345679012345677
120 135 0.00037037037037037046
121 135 0.0011111111111111118
122 135 0.004444444444444447
123 135 0.0011111111111111115
124 135 0.00037037037037037041
133 135 0.0014814814814814816
134 135 0.0044444444444444479
135 135 0.017777777777777781
136 135 0.0044444444444444427
137 135 0.0014814814814814816
146 135 0.00037037037037037046
147 135 0.001111111111111112
148 135 0.004444444444444447
149 135 0.0011111111111111115
150 135 0.00037037037037037041
159 135 0.00012345679012345682
160 135 0.00037037037037037046
161 135 0.0014814814814814821
162 135 0.00037037037037037019
163 135 0.00012345679012345679
109 136 0.00037037037037037019
110 136 0.00049382716049382706
111 136 0.0003703703703703703
122 136 0.0011111111111111115
123 136 0.0014814814814814814
124 136 0.0011111111111111113
135 136 0.0044444444444444427
136 136 0.0059259259259259248
137 136 0.0044444444444444462
148 136 0.0011111111111111115
149 136 0.0014814814814814816
150 136 0.0011111111111111115
161 136 0.00037037037037037019
162 136 0.00049382716049382717
163 136 0.00037037037037037035
109 137 0.00012345679012345677
110 137 0.0003703703703703703
111 137 0.001481481481481481
112 137 0.00037037037037037046
113 137 0.00012345679012345679
122 137 0.00037037037037037046
123 137 0.0011111111111111113
124 137 0.0044444444444444453
125 137 0.0011111111111111124
126 137 0.00037037037037037046
135 137 0.0014814814814814816
136 137 0.0044444444444444462
137 137 0.017777777777777778
138 137 0.0044444444444444462
139 137 0.0014814814814814816
148 137 0.00037037037037037041
149 137 0.0011111111111111115
150 137 0.0044444444444444444
151 137 0.0011111111111111126
152 137 0.00037037037037037041
161 137 0.00012345679012345679
162 137 0.00037037037037037035
163 137 0.001481481481481481
164 137 0.00037037037037037046
165 137 0.00012345679012345682
111 138 0.00037037037037037046
112 138 0.00049382716049382717
113 138 0.0003703703703703703
124 138 0.0011111111111111124
125 138 0.0014814814814814823
126 138 0.0011111111111111111
137 138 0.004444444444444447
138 138 0.0059259259259259265
139 138 0.0044444444444444444
150 138 0.0011111111111111126
151 138 0.0014814814814814816
152 138 0.0011111111111111111
163 138 0.00037037037037037046
164 138 0.00049382716049382717
165 138 0.00037037037037037024
111 139 0.00012345679012345679
112 139 0.0003703703703703703
113 139 0.0014814814814814799
114 139 0.00037037037037037008
115 139 0.00012345679012345679
124 139 0.00037037037037037057
125 139 0.0011111111111111111
126 139 0.0044444444444444436
127 139 0.0011111111111111115
128 139 0.00037037037037037046
137 139 0.0014814814814814816
138 139 0.0044444444444444444
139 139 0.017777777777777767
140 139 0.0044444444444444427
141 139 0.0014814814814814816
150 139 0.00037037037037037041
151 139 0.0011111111111111111
152 139 0.0044444444444444427
153 139 0.0011111111111111113
154 139 0.00037037037037037041
163 139 0.00012345679012345682
164 139 0.00037037037037037024
165 139 0.0014814814814814801
166 139 0.00037037037037037014
167 139 0.00012345679012345682
113 140 0.00037037037037037008
114 140 0.00049382716049382717
115 140 0.00037037037037037062
126 140 0.0011111111111111115
127 140 0.0014814814814814823
128 140 0.0011111111111111122
139 140 0.0044444444444444427
140 140 0.0059259259259259265
141 140 0.0044444444444444488
152 140 0.0011111111111111113
153 140 0.0014814814814814816
154 140 0.0011111111111111122
165 140 0.00037037037037037014
166 140 0.00049382716049382717
167 140 0.00037037037037037057
113 141 0.00012345679012345679
114 141 0.00037037037037037062
115 141 0.0014814814814814816
116 141 0.00037037037037037041
117 141 0.00012345679012345682
126 141 0.00037037037037037057
127 141 0.0011111111111111122
128 141 0.004444444444444447
129 141 0.0011111111111111124
130 141 0.00037037037037037051
139 141 0.0014814814814814816
140 141 0.0044444444444444488
141 141 0.017777777777777781
142 141 0.0044444444444444462
143 141 0.0014814814814814818
152 141 0.00037037037037037041
153 141 0.0011111111111111122
154 141 0.0044444444444444462
155 141 0.0011111111111111126
156 141 0.00037037037037037057
165 141 0.00012345679012345682
166 141 0.00037037037037037057
167 141 0.0014814814814814816
168 141 0.00037037037037037051
169 141 0.00012345679012345685
115 142 0.00037037037037037046
116 142 0.00049382716049382728
117 142 0.00037037037037037057
128 142 0.0011111111111111124
129 142 0.0014814814814814823
130 142 0.0011111111111111122
141 142 0.0044444444444444462
142 142 0.0059259259259259274
143 142 0.0044444444444444479
154 142 0.0011111111111111126
155 142 0.0014814814814814823
156 142 0.0011111111111111124
167 142 0.00037037037037037051
168 142 0.00049382716049382739
169 142 0.00037037037037037057
115 143 0.00012345679012345682
116 143 0.00037037037037037046
117 143 0.00074074074074074114
128 143 0.00037037037037037051
129 143 0.0011111111111111122
130 143 0.002222222222222224
141 143 0.0014814814814814818
142 143 0.0044444444444444479
143 143 0.0088888888888888941
154 143 0.00037037037037037057
155 143 0.0011111111111111124
156 143 0.0022222222222222244
167 143 0.00012345679012345685
168 143 0.00037037037037037057
169 143 0.00074074074074074135
131 144 0.0022222222222222231
132 144 0.001111111111111112
133 144 0.00037037037037037046
144 144 0.0029629629629629632
145 144 0.0014814814814814812
146 144 0.00049382716049382728
157 144 0.0022222222222222227
158 144 0.0011111111111111118
159 144 0.00037037037037037046
131 145 0.001111111111111112
132 145 0.0014814814814814818
133 145 0.0011111111111111118
144 145 0.0014814814814814814
145 145 0.0019753086419753091
146 145 0.0014814814814814816
157 145 0.001111111111111112
158 145 0.0014814814814814818
159 145 0.0011111111111111118
131 146 0.00037037037037037046
132 146 0.0011111111111111118
133 146 0.0044444444444444436
134 146 0.0011111111111111113
135 146 0.00037037037037037046
144 146 0.00049382716049382728
145 146 0.0014814814814814816
146 146 0.0059259259259259239
147 146 0.0014814814814814805
148 146 0.00049382716049382728
157 146 0.00037037037037037046
158 146 0.0011111111111111118
159 146 0.0044444444444444453
160 146 0.0011111111111111115
161 146 0.00037037037037037046
133 147 0.0011111111111111118
134 147 0.0014814814814814818
135 147 0.001111111111111112
146 147 0.0014814814814814808
147 147 0.0019753086419753091
148 147 0.0014814814814814821
159 147 0.0011111111111111118
160 147 0.0014814814814814818
161 147 0.001111111111111112
133 148 0.00037037037037037046
134 148 0.001111111111111112
135 148 0.004444444444444447
136 148 0.0011111111111111115
137 148 0.00037037037037037046
146 148 0.00049382716049382728
147 148 0.0014814814814814821
148 148 0.0059259259259259282
149 148 0.0014814814814814808
150 148 0.00049382716049382717
159 148 0.00037037037037037046
160 148 0.001111111111111112
161 148 0.0044444444444444479
162 148 0.0011111111111111115
163 148 0.00037037037037037041
135 149 0.0011111111111111115
136 149 0.0014814814814814816
137 149 0.0011111111111111115
148 149 0.0014814814814814808
149 149 0.0019753086419753087
150 149 0.0014814814814814816
161 149 0.0011111111111111115
162 149 0.0014814814814814814
163 149 0.0011111111111111115
135 150 0.00037037037037037046
136 150 0.0011111111111111115
137 150 0.0044444444444444444
138 150 0.0011111111111111126
139 150 0.00037037037037037041
148 150 0.00049382716049382717
149 150 0.0014814814814814814
150 150 0.0059259259259259248
151 150 0.0014814814814814821
152 150 0.00049382716049382728
161 150 0.00037037037037037041
162 150 0.0011111111111111113
163 150 0.0044444444444444453
164 150 0.0011111111111111124
165 150 0.00037037037037037046
137 151 0.0011111111111111126
138 151 0.0014814814814814816
139 151 0.0011111111111111111
150 151 0.0014814814814814821
151 151 0.0019753086419753087
152 151 0.0014814814814814812
163 151 0.0011111111111111124
164 151 0.0014814814814814818
165 151 0.0011111111111111111
137 152 0.00037037037037037041
138 152 0.0011111111111111111
139 152 0.0044444444444444427
140 152 0.0011111111111111113
141 152 0.00037037037037037041
150 152 0.00049382716049382728
151 152 0.0014814814814814812
152 152 0.0059259259259259204
153 152 0.0014814814814814805
154 152 0.00049382716049382728
163 152 0.00037037037037037046
164 152 0.0011111111111111111
165 152 0.0044444444444444427
166 152 0.0011111111111111113
167 152 0.00037037037037037046
139 153 0.0011111111111111113
140 153 0.0014814814814814816
141 153 0.0011111111111111122
152 153 0.0014814814814814805
153 153 0.0019753086419753087
154 153 0.0014814814814814825
165 153 0.0011111111111111113
166 153 0.0014814814814814818
167 153 0.0011111111111111122
139 154 0.00037037037037037041
140 154 0.0011111111111111122
141 154 0.0044444444444444462
142 154 0.0011111111111111126
143 154 0.00037037037037037057
152 154 0.00049382716049382728
153 154 0.0014814814814814825
154 154 0.0059259259259259265
155 154 0.0014814814814814821
156 154 0.00049382716049382739
165 154 0.00037037037037037046
166 154 0.0011111111111111122
167 154 0.0044444444444444462
168 154 0.0011111111111111126
169 154 0.00037037037037037057
141 155 0.0011111111111111126
142 155 0.0014814814814814823
143 155 0.0011111111111111122
154 155 0.0014814814814814821
155 155 0.0019753086419753096
156 155 0.0014814814814814823
167 155 0.0011111111111111124
168 155 0.0014814814814814823
169 155 0.0011111111111111122
141 156 0.00037037037037037057
142 156 0.0011111111111111124
143 156 0.0022222222222222244
154 156 0.00049382716049382739
155 156 0.0014814814814814825
156 156 0.0029629629629629654
167 156 0.00037037037037037057
168 156 0.0011111111111111122
169 156 0.0022222222222222248
131 157 0.0007407407407407407
132 157 0.0003703703703703703
133 157 0.00012345679012345682
144 157 0.0022222222222222227
145 157 0.0011111111111111118
146 157 0.00037037037037037046
157 157 0.0044444444444444462
158 157 0.002222222222222224
159 157 0.00074074074074074114
131 158 0.0003703703703703703
132 158 0.00049382716049382728
133 158 0.00037037037037037041
144 158 0.0011111111111111118
145 158 0.0014814814814814818
146 158 0.0011111111111111118
157 158 0.002222222222222224
158 158 0.0029629629629629646
159 158 0.002222222222222224
131 159 0.00012345679012345682
132 159 0.00037037037037037041
133 159 0.001481481481481481
134 159 0.00037037037037037014
135 159 0.00012345679012345679
144 159 0.00037037037037037046
145 159 0.0011111111111111118
146 159 0.0044444444444444453
147 159 0.0011111111111111115
148 159 0.00037037037037037046
157 159 0.00074074074074074114
158 159 0.002222222222222224
159 159 0.0088888888888888941
160 159 0.0022222222222222231
161 159 0.00074074074074074114
133 160 0.00037037037037037014
134 160 0.00049382716049382717
135 160 0.00037037037037037051
146 160 0.0011111111111111115
147 160 0.0014814814814814818
148 160 0.001111111111111112
159 160 0.0022222222222222231
160 160 0.0029629629629629646
161 160 0.0022222222222222244
133 161 0.00012345679012345682
134 161 0.00037037037037037051
135 161 0.0014814814814814821
136 161 0.00037037037037037019
137 161 0.00012345679012345679
146 161 0.00037037037037037046
147 161 0.001111111111111112
148 161 0.0044444444444444479
149 161 0.0011111111111111115
150 161 0.00037037037037037035
159 161 0.00074074074074074114
160 161 0.002222222222222224
161 161 0.0088888888888888958
162 161 0.0022222222222222231
163 161 0.00074074074074074103
135 162 0.00037037037037037019
136 162 0.00049382716049382717
137 162 0.00037037037037037035
148 162 0.0011111111111111115
149 162 0.0014814814814814814
150 162 0.0011111111111111113
161 162 0.0022222222222222231
162 162 0.0029629629629629637
163 162 0.0022222222222222235
135 163 0.00012345679012345679
136 163 0.0003703703703703703
137 163 0.0014814814814814812
138 163 0.00037037037037037046
139 163 0.00012345679012345682
148 163 0.00037037037037037035
149 163 0.0011111111111111113
150 163 0.0044444444444444453
151 163 0.0011111111111111124
152 163 0.00037037037037037046
161 163 0.00074074074074074103
162 163 0.0022222222222222231
163 163 0.0088888888888888906
164 163 0.0022222222222222248
165 163 0.00074074074074074114
137 164 0.00037037037037037046
138 164 0.00049382716049382717
139 164 0.00037037037037037024
150 164 0.0011111111111111124
151 164 0.0014814814814814816
152 164 0.0011111111111111111
163 164 0.0022222222222222248
164 164 0.0029629629629629646
165 164 0.0022222222222222227
137 165 0.00012345679012345682
138 165 0.00037037037037037024
139 165 0.0014814814814814801
140 165 0.00037037037037037014
141 165 0.00012345679012345682
150 165 0.00037037037037037046
151 165 0.0011111111111111111
152 165 0.0044444444444444427
153 165 0.0011111111111111113
154 165 0.00037037037037037046
163 165 0.00074074074074074114
164 165 0.0022222222222222227
165 165 0.0088888888888888871
166 165 0.0022222222222222227
167 165 0.00074074074074074114
139 166 0.00037037037037037014
140 166 0.00049382716049382717
141 166 0.00037037037037037057
152 166 0.0011111111111111113
153 166 0.0014814814814814816
154 166 0.0011111111111111122
165 166 0.0022222222222222227
166 166 0.0029629629629629646
167 166 0.0022222222222222248
139 167 0.00012345679012345682
140 167 0.00037037037037037057
141 167 0.0014814814814814816
142 167 0.00037037037037037051
143 167 0.00012345679012345685
152 167 0.00037037037037037046
153 167 0.0011111111111111122
154 167 0.0044444444444444462
155 167 0.0011111111111111126
156 167 0.00037037037037037057
165 167 0.00074074074074074114
166 167 0.0022222222222222248
167 167 0.0088888888888888958
168 167 0.0022222222222222253
169 167 0.00074074074074074135
141 168 0.00037037037037037051
142 168 0.00049382716049382739
143 168 0.00037037037037037057
154 168 0.0011111111111111126
155 168 0.0014814814814814823
156 168 0.0011111111111111122
167 168 0.0022222222222222253
168 168 0.0029629629629629654
169 168 0.0022222222222222248
141 169 0.00012345679012345685
142 169 0.00037037037037037057
143 169 0.00074074074074074135
154 169 0.00037037037037037057
155 169 0.0011111111111111122
156 169 0.0022222222222222244
167 169 0.00074074074074074135
168 169 0.0022222222222222248
169 169 0.0044444444444444488


