# Created by Octave 5.2.0, Tue Oct 26 13:08:01 2021 CEST <omen@omen-linux>
# name: riga_9
# type: sparse matrix
# nnz: 2401
# rows: 121
# columns: 121
1 1 0.0019753086419753078
2 1 0.0011522633744855963
3 1 0.00016460905349794229
12 1 0.0011522633744855963
13 1 0.00067215363511659797
14 1 9.6021947873799763e-05
23 1 0.00016460905349794226
24 1 9.6021947873799749e-05
25 1 1.3717421124828532e-05
1 2 0.0011522633744855963
2 2 0.0032921810699588446
3 2 0.0020576131687242783
4 2 8.2304526748971132e-05
12 2 0.00067215363511659797
13 2 0.0019204389574759948
14 2 0.0012002743484224965
15 2 4.8010973936899874e-05
23 2 9.6021947873799749e-05
24 2 0.00027434842249657071
25 2 0.00017146776406035659
26 2 6.8587105624142652e-06
1 3 0.00016460905349794226
2 3 0.0020576131687242783
3 3 0.0054320987654320968
4 3 0.0021399176954732492
5 3 8.2304526748971132e-05
12 3 9.6021947873799763e-05
13 3 0.0012002743484224965
14 3 0.0031687242798353905
15 3 0.0012482853223593966
16 3 4.8010973936899861e-05
23 3 1.3717421124828532e-05
24 3 0.00017146776406035659
25 3 0.00045267489711934157
26 3 0.00017832647462277083
27 3 6.8587105624142636e-06
2 4 8.2304526748971146e-05
3 4 0.0021399176954732492
4 4 0.0054320987654320986
5 4 0.00213991769547325
6 4 8.2304526748971078e-05
13 4 4.8010973936899874e-05
14 4 0.0012482853223593966
15 4 0.0031687242798353909
16 4 0.0012482853223593966
17 4 4.801097393689982e-05
24 4 6.8587105624142652e-06
25 4 0.00017832647462277083
26 4 0.00045267489711934167
27 4 0.00017832647462277088
28 4 6.858710562414261e-06
3 5 8.2304526748971132e-05
4 5 0.00213991769547325
5 5 0.005432098765432096
6 5 0.0021399176954732505
7 5 8.2304526748971308e-05
14 5 4.8010973936899861e-05
15 5 0.0012482853223593966
16 5 0.0031687242798353905
17 5 0.0012482853223593964
18 5 4.8010973936899969e-05
25 5 6.8587105624142636e-06
26 5 0.00017832647462277088
27 5 0.00045267489711934151
28 5 0.00017832647462277091
29 5 6.8587105624142788e-06
4 6 8.2304526748971078e-05
5 6 0.0021399176954732505
6 6 0.0054320987654320986
7 6 0.00213991769547325
8 6 8.230452674897101e-05
15 6 4.801097393689982e-05
16 6 0.0012482853223593964
17 6 0.0031687242798353913
18 6 0.0012482853223593964
19 6 4.8010973936899807e-05
26 6 6.858710562414261e-06
27 6 0.00017832647462277091
28 6 0.00045267489711934178
29 6 0.00017832647462277088
30 6 6.8587105624142551e-06
5 7 8.2304526748971308e-05
6 7 0.00213991769547325
7 7 0.0054320987654320977
8 7 0.00213991769547325
9 7 8.2304526748971308e-05
16 7 4.8010973936899969e-05
17 7 0.0012482853223593964
18 7 0.0031687242798353909
19 7 0.0012482853223593959
20 7 4.8010973936899963e-05
27 7 6.8587105624142788e-06
28 7 0.00017832647462277085
29 7 0.00045267489711934184
30 7 0.00017832647462277085
31 7 6.8587105624142796e-06
6 8 8.230452674897101e-05
7 8 0.00213991769547325
8 8 0.0054320987654320968
9 8 0.00213991769547325
10 8 8.2304526748970902e-05
17 8 4.80109739368998e-05
18 8 0.0012482853223593959
19 8 0.0031687242798353905
20 8 0.0012482853223593968
21 8 4.8010973936899719e-05
28 8 6.8587105624142551e-06
29 8 0.00017832647462277085
30 8 0.00045267489711934167
31 8 0.00017832647462277088
32 8 6.8587105624142441e-06
7 9 8.2304526748971308e-05
8 9 0.00213991769547325
9 9 0.0054320987654320942
10 9 0.0020576131687242774
11 9 0.00016460905349794254
18 9 4.8010973936899963e-05
19 9 0.0012482853223593968
20 9 0.0031687242798353892
21 9 0.001200274348422496
22 9 9.6021947873799885e-05
29 9 6.8587105624142796e-06
30 9 0.00017832647462277088
31 9 0.00045267489711934151
32 9 0.00017146776406035659
33 9 1.3717421124828549e-05
8 10 8.2304526748970902e-05
9 10 0.0020576131687242774
10 10 0.0032921810699588468
11 10 0.0011522633744855979
19 10 4.8010973936899719e-05
20 10 0.001200274348422496
21 10 0.0019204389574759941
22 10 0.00067215363511659884
30 10 6.8587105624142441e-06
31 10 0.00017146776406035659
32 10 0.0002743484224965706
33 10 9.6021947873799844e-05
9 11 0.00016460905349794254
10 11 0.0011522633744855979
11 11 0.0019753086419753061
20 11 9.6021947873799898e-05
21 11 0.00067215363511659884
22 11 0.0011522633744855955
31 11 1.3717421124828551e-05
32 11 9.6021947873799844e-05
33 11 0.00016460905349794221
1 12 0.0011522633744855963
2 12 0.00067215363511659797
3 12 9.6021947873799763e-05
12 12 0.0032921810699588455
13 12 0.0019204389574759945
14 12 0.00027434842249657049
23 12 0.0020576131687242783
24 12 0.001200274348422496
25 12 0.00017146776406035664
34 12 8.2304526748971132e-05
35 12 4.8010973936899881e-05
36 12 6.8587105624142661e-06
1 13 0.00067215363511659808
2 13 0.0019204389574759948
3 13 0.0012002743484224965
4 13 4.8010973936899874e-05
12 13 0.0019204389574759945
13 13 0.0054869684499314047
14 13 0.0034293552812071312
15 13 0.00013717421124828525
23 13 0.001200274348422496
24 13 0.0034293552812071316
25 13 0.0021433470507544582
26 13 8.573388203017832e-05
34 13 4.8010973936899881e-05
35 13 0.0001371742112482853
36 13 8.573388203017828e-05
37 13 3.4293552812071326e-06
1 14 9.6021947873799763e-05
2 14 0.0012002743484224965
3 14 0.0031687242798353905
4 14 0.0012482853223593966
5 14 4.8010973936899861e-05
12 14 0.0002743484224965706
13 14 0.0034293552812071312
14 14 0.0090534979423868272
15 14 0.0035665294924554173
16 14 0.00013717421124828527
23 14 0.00017146776406035664
24 14 0.0021433470507544582
25 14 0.0056584362139917681
26 14 0.0022290809327846356
27 14 8.573388203017832e-05
34 14 6.8587105624142661e-06
35 14 8.573388203017828e-05
36 14 0.00022633744855967078
37 14 8.91632373113854e-05
38 14 3.4293552812071322e-06
2 15 4.8010973936899874e-05
3 15 0.0012482853223593966
4 15 0.0031687242798353909
5 15 0.0012482853223593968
6 15 4.801097393689982e-05
13 15 0.00013717421124828525
14 15 0.0035665294924554173
15 15 0.0090534979423868272
16 15 0.0035665294924554186
17 15 0.00013717421124828519
24 15 8.5733882030178307e-05
25 15 0.0022290809327846356
26 15 0.0056584362139917689
27 15 0.0022290809327846365
28 15 8.5733882030178225e-05
35 15 3.4293552812071326e-06
36 15 8.91632373113854e-05
37 15 0.00022633744855967084
38 15 8.9163237311385454e-05
39 15 3.4293552812071305e-06
3 16 4.8010973936899861e-05
4 16 0.0012482853223593966
5 16 0.00316872427983539
6 16 0.0012482853223593964
7 16 4.8010973936899963e-05
14 16 0.00013717421124828527
15 16 0.0035665294924554186
16 16 0.0090534979423868237
17 16 0.0035665294924554177
18 16 0.0001371742112482856
25 16 8.5733882030178307e-05
26 16 0.0022290809327846365
27 16 0.0056584362139917672
28 16 0.002229080932784636
29 16 8.5733882030178469e-05
36 16 3.4293552812071322e-06
37 16 8.9163237311385454e-05
38 16 0.00022633744855967081
39 16 8.9163237311385454e-05
40 16 3.4293552812071386e-06
4 17 4.8010973936899834e-05
5 17 0.0012482853223593964
6 17 0.0031687242798353913
7 17 0.0012482853223593964
8 17 4.8010973936899807e-05
15 17 0.00013717421124828519
16 17 0.0035665294924554177
17 17 0.0090534979423868255
18 17 0.0035665294924554173
19 17 0.00013717421124828511
26 17 8.5733882030178225e-05
27 17 0.002229080932784636
28 17 0.0056584362139917707
29 17 0.002229080932784636
30 17 8.5733882030178185e-05
37 17 3.4293552812071305e-06
38 17 8.9163237311385454e-05
39 17 0.00022633744855967086
40 17 8.9163237311385441e-05
41 17 3.4293552812071275e-06
5 18 4.8010973936899963e-05
6 18 0.0012482853223593964
7 18 0.0031687242798353913
8 18 0.0012482853223593961
9 18 4.8010973936899963e-05
16 18 0.0001371742112482856
17 18 0.0035665294924554173
18 18 0.0090534979423868307
19 18 0.0035665294924554169
20 18 0.0001371742112482856
27 18 8.5733882030178469e-05
28 18 0.002229080932784636
29 18 0.0056584362139917707
30 18 0.0022290809327846356
31 18 8.5733882030178469e-05
38 18 3.4293552812071386e-06
39 18 8.9163237311385441e-05
40 18 0.00022633744855967086
41 18 8.9163237311385427e-05
42 18 3.429355281207139e-06
6 19 4.8010973936899807e-05
7 19 0.0012482853223593959
8 19 0.00316872427983539
9 19 0.0012482853223593968
10 19 4.8010973936899719e-05
17 19 0.00013717421124828511
18 19 0.0035665294924554169
19 19 0.0090534979423868255
20 19 0.0035665294924554186
21 19 0.00013717421124828489
28 19 8.5733882030178185e-05
29 19 0.002229080932784636
30 19 0.0056584362139917681
31 19 0.0022290809327846365
32 19 8.5733882030178063e-05
39 19 3.4293552812071275e-06
40 19 8.9163237311385441e-05
41 19 0.00022633744855967081
42 19 8.9163237311385441e-05
43 19 3.429355281207122e-06
7 20 4.8010973936899963e-05
8 20 0.0012482853223593966
9 20 0.0031687242798353896
10 20 0.001200274348422496
11 20 9.6021947873799885e-05
18 20 0.0001371742112482856
19 20 0.0035665294924554186
20 20 0.0090534979423868255
21 20 0.0034293552812071312
22 20 0.00027434842249657109
29 20 8.5733882030178469e-05
30 20 0.0022290809327846365
31 20 0.0056584362139917672
32 20 0.0021433470507544565
33 20 0.00017146776406035688
40 20 3.429355281207139e-06
41 20 8.9163237311385427e-05
42 20 0.00022633744855967076
43 20 8.5733882030178293e-05
44 20 6.8587105624142746e-06
8 21 4.8010973936899719e-05
9 21 0.001200274348422496
10 21 0.0019204389574759941
11 21 0.00067215363511659884
19 21 0.00013717421124828487
20 21 0.0034293552812071312
21 21 0.0054869684499314099
22 21 0.0019204389574759969
30 21 8.5733882030178049e-05
31 21 0.0021433470507544565
32 21 0.0034293552812071312
33 21 0.0012002743484224975
41 21 3.429355281207122e-06
42 21 8.5733882030178293e-05
43 21 0.00013717421124828527
44 21 4.8010973936899929e-05
9 22 9.6021947873799885e-05
10 22 0.00067215363511659895
11 22 0.0011522633744855959
20 22 0.00027434842249657098
21 22 0.0019204389574759967
22 22 0.0032921810699588429
31 22 0.00017146776406035686
32 22 0.0012002743484224975
33 22 0.0020576131687242778
42 22 6.8587105624142746e-06
43 22 4.8010973936899929e-05
44 22 8.2304526748971119e-05
1 23 0.00016460905349794224
2 23 9.6021947873799749e-05
3 23 1.3717421124828532e-05
12 23 0.0020576131687242787
13 23 0.001200274348422496
14 23 0.00017146776406035664
23 23 0.0054320987654320968
24 23 0.0031687242798353905
25 23 0.00045267489711934162
34 23 0.0021399176954732496
35 23 0.0012482853223593959
36 23 0.00017832647462277088
45 23 8.2304526748971119e-05
46 23 4.8010973936899868e-05
47 23 6.8587105624142652e-06
1 24 9.6021947873799749e-05
2 24 0.0002743484224965706
3 24 0.00017146776406035659
4 24 6.8587105624142652e-06
12 24 0.001200274348422496
13 24 0.0034293552812071316
14 24 0.0021433470507544578
15 24 8.5733882030178307e-05
23 24 0.0031687242798353905
24 24 0.0090534979423868255
25 24 0.0056584362139917663
26 24 0.00022633744855967081
34 24 0.0012482853223593959
35 24 0.0035665294924554173
36 24 0.0022290809327846347
37 24 8.9163237311385441e-05
45 24 4.8010973936899868e-05
46 24 0.0001371742112482853
47 24 8.573388203017828e-05
48 24 3.4293552812071322e-06
1 25 1.3717421124828532e-05
2 25 0.00017146776406035659
3 25 0.00045267489711934157
4 25 0.0001783264746227708
5 25 6.8587105624142644e-06
12 25 0.00017146776406035661
13 25 0.0021433470507544578
14 25 0.0056584362139917681
15 25 0.0022290809327846356
16 25 8.573388203017832e-05
23 25 0.00045267489711934162
24 25 0.0056584362139917663
25 25 0.014938271604938269
26 25 0.0058847736625514376
27 25 0.00022633744855967076
34 25 0.00017832647462277088
35 25 0.0022290809327846347
36 25 0.0058847736625514367
37 25 0.0023182441700960203
38 25 8.9163237311385441e-05
45 25 6.8587105624142661e-06
46 25 8.573388203017828e-05
47 25 0.00022633744855967078
48 25 8.9163237311385386e-05
49 25 3.4293552812071318e-06
2 26 6.8587105624142652e-06
3 26 0.0001783264746227708
4 26 0.00045267489711934167
5 26 0.00017832647462277085
6 26 6.858710562414261e-06
13 26 8.5733882030178307e-05
14 26 0.0022290809327846356
15 26 0.0056584362139917689
16 26 0.0022290809327846365
17 26 8.5733882030178225e-05
24 26 0.00022633744855967081
25 26 0.0058847736625514359
26 26 0.014938271604938271
27 26 0.0058847736625514393
28 26 0.00022633744855967062
35 26 8.9163237311385441e-05
36 26 0.0023182441700960203
37 26 0.0058847736625514376
38 26 0.0023182441700960216
39 26 8.9163237311385346e-05
46 26 3.4293552812071322e-06
47 26 8.91632373113854e-05
48 26 0.00022633744855967084
49 26 8.9163237311385441e-05
50 26 3.4293552812071305e-06
3 27 6.8587105624142644e-06
4 27 0.00017832647462277085
5 27 0.00045267489711934151
6 27 0.00017832647462277091
7 27 6.8587105624142788e-06
14 27 8.573388203017832e-05
15 27 0.0022290809327846365
16 27 0.0056584362139917663
17 27 0.002229080932784636
18 27 8.5733882030178469e-05
25 27 0.00022633744855967076
26 27 0.0058847736625514393
27 27 0.014938271604938266
28 27 0.0058847736625514385
29 27 0.00022633744855967114
36 27 8.9163237311385441e-05
37 27 0.0023182441700960216
38 27 0.005884773662551435
39 27 0.0023182441700960207
40 27 8.9163237311385603e-05
47 27 3.4293552812071318e-06
48 27 8.9163237311385454e-05
49 27 0.00022633744855967076
50 27 8.9163237311385441e-05
51 27 3.4293552812071377e-06
4 28 6.858710562414261e-06
5 28 0.00017832647462277091
6 28 0.00045267489711934178
7 28 0.00017832647462277088
8 28 6.8587105624142551e-06
15 28 8.5733882030178225e-05
16 28 0.002229080932784636
17 28 0.0056584362139917707
18 28 0.002229080932784636
19 28 8.5733882030178185e-05
26 28 0.00022633744855967062
27 28 0.0058847736625514385
28 28 0.014938271604938274
29 28 0.0058847736625514367
30 28 0.00022633744855967048
37 28 8.9163237311385346e-05
38 28 0.0023182441700960216
39 28 0.0058847736625514428
40 28 0.0023182441700960207
41 28 8.9163237311385319e-05
48 28 3.4293552812071305e-06
49 28 8.9163237311385454e-05
50 28 0.00022633744855967084
51 28 8.9163237311385454e-05
52 28 3.4293552812071275e-06
5 29 6.8587105624142788e-06
6 29 0.00017832647462277085
7 29 0.00045267489711934184
8 29 0.00017832647462277085
9 29 6.8587105624142796e-06
16 29 8.5733882030178469e-05
17 29 0.002229080932784636
18 29 0.0056584362139917707
19 29 0.0022290809327846356
20 29 8.5733882030178483e-05
27 29 0.00022633744855967116
28 29 0.0058847736625514367
29 29 0.01493827160493828
30 29 0.0058847736625514385
31 29 0.00022633744855967116
38 29 8.9163237311385603e-05
39 29 0.0023182441700960207
40 29 0.0058847736625514402
41 29 0.0023182441700960207
42 29 8.9163237311385617e-05
49 29 3.4293552812071377e-06
50 29 8.9163237311385427e-05
51 29 0.00022633744855967081
52 29 8.9163237311385441e-05
53 29 3.4293552812071381e-06
6 30 6.8587105624142551e-06
7 30 0.00017832647462277088
8 30 0.00045267489711934162
9 30 0.00017832647462277088
10 30 6.8587105624142441e-06
17 30 8.5733882030178185e-05
18 30 0.0022290809327846356
19 30 0.0056584362139917672
20 30 0.0022290809327846365
21 30 8.5733882030178049e-05
28 30 0.00022633744855967048
29 30 0.0058847736625514385
30 30 0.014938271604938269
31 30 0.0058847736625514393
32 30 0.00022633744855967016
39 30 8.9163237311385305e-05
40 30 0.0023182441700960212
41 30 0.0058847736625514393
42 30 0.002318244170096022
43 30 8.9163237311385183e-05
50 30 3.4293552812071275e-06
51 30 8.9163237311385454e-05
52 30 0.00022633744855967076
53 30 8.9163237311385454e-05
54 30 3.429355281207122e-06
7 31 6.8587105624142796e-06
8 31 0.00017832647462277088
9 31 0.00045267489711934151
10 31 0.00017146776406035659
11 31 1.3717421124828547e-05
18 31 8.5733882030178483e-05
19 31 0.0022290809327846365
20 31 0.0056584362139917672
21 31 0.0021433470507544565
22 31 0.00017146776406035686
29 31 0.00022633744855967116
30 31 0.0058847736625514393
31 31 0.014938271604938267
32 31 0.005658436213991762
33 31 0.00045267489711934216
40 31 8.9163237311385617e-05
41 31 0.0023182441700960216
42 31 0.005884773662551435
43 31 0.0022290809327846352
44 31 0.00017832647462277113
51 31 3.4293552812071381e-06
52 31 8.9163237311385441e-05
53 31 0.00022633744855967067
54 31 8.5733882030178266e-05
55 31 6.8587105624142737e-06
8 32 6.8587105624142441e-06
9 32 0.00017146776406035659
10 32 0.0002743484224965706
11 32 9.6021947873799844e-05
19 32 8.5733882030178049e-05
20 32 0.0021433470507544565
21 32 0.0034293552812071312
22 32 0.0012002743484224975
30 32 0.00022633744855967016
31 32 0.005658436213991762
32 32 0.0090534979423868324
33 32 0.0031687242798353931
41 32 8.9163237311385183e-05
42 32 0.0022290809327846352
43 32 0.0035665294924554151
44 32 0.0012482853223593977
52 32 3.429355281207122e-06
53 32 8.5733882030178266e-05
54 32 0.00013717421124828527
55 32 4.8010973936899922e-05
9 33 1.3717421124828547e-05
10 33 9.6021947873799857e-05
11 33 0.00016460905349794221
20 33 0.00017146776406035688
21 33 0.0012002743484224975
22 33 0.0020576131687242778
31 33 0.00045267489711934216
32 33 0.0031687242798353926
33 33 0.0054320987654320916
42 33 0.00017832647462277113
43 33 0.0012482853223593977
44 33 0.0021399176954732483
53 33 6.8587105624142737e-06
54 33 4.8010973936899922e-05
55 33 8.2304526748971119e-05
12 34 8.2304526748971132e-05
13 34 4.8010973936899874e-05
14 34 6.8587105624142661e-06
23 34 0.0021399176954732492
24 34 0.0012482853223593959
25 34 0.00017832647462277088
34 34 0.0054320987654320977
35 34 0.0031687242798353913
36 34 0.00045267489711934162
45 34 0.0021399176954732509
46 34 0.0012482853223593966
47 34 0.00017832647462277094
56 34 8.2304526748971078e-05
57 34 4.8010973936899834e-05
58 34 6.8587105624142619e-06
12 35 4.8010973936899881e-05
13 35 0.0001371742112482853
14 35 8.5733882030178293e-05
15 35 3.4293552812071326e-06
23 35 0.0012482853223593959
24 35 0.0035665294924554173
25 35 0.0022290809327846356
26 35 8.9163237311385441e-05
34 35 0.0031687242798353913
35 35 0.0090534979423868255
36 35 0.0056584362139917663
37 35 0.00022633744855967084
45 35 0.0012482853223593966
46 35 0.0035665294924554186
47 35 0.0022290809327846356
48 35 8.9163237311385481e-05
56 35 4.8010973936899834e-05
57 35 0.00013717421124828525
58 35 8.5733882030178198e-05
59 35 3.4293552812071305e-06
12 36 6.8587105624142661e-06
13 36 8.573388203017828e-05
14 36 0.00022633744855967078
15 36 8.91632373113854e-05
16 36 3.4293552812071322e-06
23 36 0.00017832647462277088
24 36 0.0022290809327846347
25 36 0.0058847736625514367
26 36 0.0023182441700960207
27 36 8.9163237311385427e-05
34 36 0.00045267489711934162
35 36 0.0056584362139917663
36 36 0.014938271604938271
37 36 0.0058847736625514367
38 36 0.00022633744855967081
45 36 0.00017832647462277094
46 36 0.0022290809327846356
47 36 0.0058847736625514402
48 36 0.0023182441700960212
49 36 8.9163237311385481e-05
56 36 6.8587105624142619e-06
57 36 8.5733882030178198e-05
58 36 0.00022633744855967062
59 36 8.9163237311385305e-05
60 36 3.4293552812071305e-06
13 37 3.4293552812071326e-06
14 37 8.91632373113854e-05
15 37 0.00022633744855967084
16 37 8.9163237311385441e-05
17 37 3.4293552812071305e-06
24 37 8.9163237311385441e-05
25 37 0.0023182441700960207
26 37 0.0058847736625514376
27 37 0.0023182441700960216
28 37 8.9163237311385346e-05
35 37 0.00022633744855967084
36 37 0.0058847736625514367
37 37 0.014938271604938273
38 37 0.0058847736625514402
39 37 0.00022633744855967067
46 37 8.9163237311385481e-05
47 37 0.0023182441700960212
48 37 0.0058847736625514402
49 37 0.0023182441700960225
50 37 8.91632373113854e-05
57 37 3.4293552812071305e-06
58 37 8.9163237311385305e-05
59 37 0.00022633744855967065
60 37 8.9163237311385346e-05
61 37 3.4293552812071275e-06
14 38 3.4293552812071322e-06
15 38 8.9163237311385454e-05
16 38 0.00022633744855967081
17 38 8.9163237311385454e-05
18 38 3.429355281207139e-06
25 38 8.9163237311385427e-05
26 38 0.0023182441700960216
27 38 0.005884773662551435
28 38 0.0023182441700960212
29 38 8.9163237311385603e-05
36 38 0.00022633744855967081
37 38 0.0058847736625514402
38 38 0.014938271604938267
39 38 0.0058847736625514402
40 38 0.00022633744855967116
47 38 8.9163237311385481e-05
48 38 0.002318244170096022
49 38 0.0058847736625514385
50 38 0.0023182441700960216
51 38 8.9163237311385644e-05
58 38 3.4293552812071305e-06
59 38 8.9163237311385346e-05
60 38 0.00022633744855967062
61 38 8.9163237311385373e-05
62 38 3.4293552812071364e-06
15 39 3.4293552812071305e-06
16 39 8.9163237311385454e-05
17 39 0.00022633744855967086
18 39 8.9163237311385441e-05
19 39 3.4293552812071275e-06
26 39 8.9163237311385346e-05
27 39 0.0023182441700960216
28 39 0.0058847736625514428
29 39 0.0023182441700960207
30 39 8.9163237311385305e-05
37 39 0.00022633744855967067
38 39 0.0058847736625514402
39 39 0.014938271604938273
40 39 0.0058847736625514385
41 39 0.00022633744855967051
48 39 8.91632373113854e-05
49 39 0.002318244170096022
50 39 0.0058847736625514454
51 39 0.002318244170096022
52 39 8.9163237311385359e-05
59 39 3.4293552812071275e-06
60 39 8.9163237311385373e-05
61 39 0.0002263374485596707
62 39 8.9163237311385346e-05
63 39 3.4293552812071246e-06
16 40 3.429355281207139e-06
17 40 8.9163237311385441e-05
18 40 0.00022633744855967086
19 40 8.9163237311385441e-05
20 40 3.429355281207139e-06
27 40 8.9163237311385603e-05
28 40 0.0023182441700960207
29 40 0.0058847736625514393
30 40 0.0023182441700960212
31 40 8.916323731138563e-05
38 40 0.00022633744855967119
39 40 0.0058847736625514385
40 40 0.01493827160493828
41 40 0.0058847736625514402
42 40 0.00022633744855967122
49 40 8.9163237311385644e-05
50 40 0.002318244170096022
51 40 0.0058847736625514437
52 40 0.0023182441700960216
53 40 8.9163237311385671e-05
60 40 3.4293552812071364e-06
61 40 8.9163237311385332e-05
62 40 0.0002263374485596707
63 40 8.9163237311385346e-05
64 40 3.429355281207136e-06
17 41 3.4293552812071275e-06
18 41 8.9163237311385441e-05
19 41 0.00022633744855967081
20 41 8.9163237311385441e-05
21 41 3.429355281207122e-06
28 41 8.9163237311385305e-05
29 41 0.0023182441700960212
30 41 0.0058847736625514385
31 41 0.0023182441700960216
32 41 8.9163237311385183e-05
39 41 0.00022633744855967051
40 41 0.0058847736625514402
41 41 0.014938271604938266
42 41 0.0058847736625514402
43 41 0.00022633744855967016
50 41 8.9163237311385359e-05
51 41 0.0023182441700960216
52 41 0.0058847736625514419
53 41 0.0023182441700960225
54 41 8.9163237311385224e-05
61 41 3.429355281207125e-06
62 41 8.9163237311385346e-05
63 41 0.00022633744855967062
64 41 8.9163237311385359e-05
65 41 3.4293552812071195e-06
18 42 3.429355281207139e-06
19 42 8.9163237311385441e-05
20 42 0.00022633744855967076
21 42 8.5733882030178293e-05
22 42 6.8587105624142746e-06
29 42 8.916323731138563e-05
30 42 0.0023182441700960216
31 42 0.005884773662551435
32 42 0.0022290809327846356
33 42 0.0001783264746227711
40 42 0.00022633744855967122
41 42 0.0058847736625514402
42 42 0.014938271604938271
43 42 0.0056584362139917629
44 42 0.00045267489711934222
51 42 8.9163237311385671e-05
52 42 0.0023182441700960225
53 42 0.0058847736625514385
54 42 0.002229080932784636
55 42 0.00017832647462277123
62 42 3.429355281207136e-06
63 42 8.9163237311385346e-05
64 42 0.00022633744855967059
65 42 8.5733882030178212e-05
66 42 6.8587105624142703e-06
19 43 3.429355281207122e-06
20 43 8.5733882030178293e-05
21 43 0.00013717421124828527
22 43 4.8010973936899929e-05
30 43 8.9163237311385183e-05
31 43 0.0022290809327846356
32 43 0.0035665294924554151
33 43 0.0012482853223593977
41 43 0.00022633744855967016
42 43 0.0056584362139917629
43 43 0.0090534979423868324
44 43 0.0031687242798353935
52 43 8.9163237311385224e-05
53 43 0.002229080932784636
54 43 0.0035665294924554173
55 43 0.0012482853223593983
63 43 3.4293552812071195e-06
64 43 8.5733882030178212e-05
65 43 0.00013717421124828519
66 43 4.8010973936899868e-05
20 44 6.8587105624142746e-06
21 44 4.8010973936899929e-05
22 44 8.2304526748971105e-05
31 44 0.00017832647462277113
32 44 0.0012482853223593977
33 44 0.0021399176954732479
42 44 0.00045267489711934222
43 44 0.0031687242798353931
44 44 0.0054320987654320916
53 44 0.00017832647462277123
54 44 0.0012482853223593983
55 44 0.0021399176954732492
64 44 6.8587105624142703e-06
65 44 4.8010973936899874e-05
66 44 8.2304526748971037e-05
23 45 8.2304526748971119e-05
24 45 4.8010973936899868e-05
25 45 6.8587105624142652e-06
34 45 0.0021399176954732509
35 45 0.0012482853223593966
36 45 0.00017832647462277094
45 45 0.005432098765432096
46 45 0.0031687242798353905
47 45 0.00045267489711934151
56 45 0.0021399176954732513
57 45 0.0012482853223593966
58 45 0.00017832647462277096
67 45 8.2304526748971295e-05
68 45 4.8010973936899969e-05
69 45 6.8587105624142788e-06
23 46 4.8010973936899868e-05
24 46 0.0001371742112482853
25 46 8.5733882030178293e-05
26 46 3.4293552812071322e-06
34 46 0.0012482853223593966
35 46 0.0035665294924554186
36 46 0.0022290809327846356
37 46 8.9163237311385481e-05
45 46 0.0031687242798353905
46 46 0.0090534979423868237
47 46 0.0056584362139917663
48 46 0.00022633744855967078
56 46 0.0012482853223593966
57 46 0.0035665294924554182
58 46 0.002229080932784636
59 46 8.9163237311385468e-05
67 46 4.8010973936899969e-05
68 46 0.00013717421124828565
69 46 8.5733882030178442e-05
70 46 3.4293552812071386e-06
23 47 6.8587105624142661e-06
24 47 8.5733882030178293e-05
25 47 0.00022633744855967078
26 47 8.9163237311385386e-05
27 47 3.4293552812071318e-06
34 47 0.00017832647462277094
35 47 0.0022290809327846356
36 47 0.0058847736625514402
37 47 0.0023182441700960212
38 47 8.9163237311385481e-05
45 47 0.00045267489711934151
46 47 0.0056584362139917663
47 47 0.014938271604938267
48 47 0.0058847736625514359
49 47 0.00022633744855967073
56 47 0.00017832647462277096
57 47 0.0022290809327846356
58 47 0.0058847736625514376
59 47 0.0023182441700960212
60 47 8.9163237311385454e-05
67 47 6.8587105624142788e-06
68 47 8.5733882030178442e-05
69 47 0.00022633744855967116
70 47 8.916323731138559e-05
71 47 3.4293552812071381e-06
24 48 3.4293552812071322e-06
25 48 8.91632373113854e-05
26 48 0.00022633744855967084
27 48 8.9163237311385441e-05
28 48 3.4293552812071305e-06
35 48 8.9163237311385481e-05
36 48 0.0023182441700960212
37 48 0.0058847736625514402
38 48 0.0023182441700960225
39 48 8.91632373113854e-05
46 48 0.00022633744855967078
47 48 0.0058847736625514359
48 48 0.014938271604938271
49 48 0.0058847736625514385
50 48 0.00022633744855967062
57 48 8.9163237311385468e-05
58 48 0.0023182441700960212
59 48 0.0058847736625514402
60 48 0.002318244170096022
61 48 8.9163237311385386e-05
68 48 3.4293552812071386e-06
69 48 8.916323731138559e-05
70 48 0.00022633744855967119
71 48 8.916323731138563e-05
72 48 3.4293552812071364e-06
25 49 3.4293552812071318e-06
26 49 8.9163237311385441e-05
27 49 0.00022633744855967078
28 49 8.9163237311385454e-05
29 49 3.4293552812071377e-06
36 49 8.9163237311385481e-05
37 49 0.0023182441700960225
38 49 0.0058847736625514393
39 49 0.002318244170096022
40 49 8.9163237311385657e-05
47 49 0.00022633744855967076
48 49 0.0058847736625514385
49 49 0.014938271604938262
50 49 0.0058847736625514385
51 49 0.00022633744855967119
58 49 8.9163237311385468e-05
59 49 0.002318244170096022
60 49 0.0058847736625514376
61 49 0.0023182441700960216
62 49 8.9163237311385671e-05
69 49 3.4293552812071381e-06
70 49 8.916323731138563e-05
71 49 0.00022633744855967116
72 49 8.9163237311385644e-05
73 49 3.4293552812071458e-06
26 50 3.4293552812071305e-06
27 50 8.9163237311385454e-05
28 50 0.00022633744855967084
29 50 8.9163237311385468e-05
30 50 3.4293552812071275e-06
37 50 8.91632373113854e-05
38 50 0.002318244170096022
39 50 0.0058847736625514454
40 50 0.0023182441700960216
41 50 8.9163237311385359e-05
48 50 0.00022633744855967062
49 50 0.0058847736625514385
50 50 0.014938271604938269
51 50 0.0058847736625514367
52 50 0.00022633744855967046
59 50 8.91632373113854e-05
60 50 0.0023182441700960216
61 50 0.0058847736625514437
62 50 0.0023182441700960216
63 50 8.9163237311385373e-05
70 50 3.4293552812071364e-06
71 50 8.9163237311385644e-05
72 50 0.00022633744855967127
73 50 8.9163237311385644e-05
74 50 3.4293552812071347e-06
27 51 3.4293552812071381e-06
28 51 8.9163237311385468e-05
29 51 0.00022633744855967081
30 51 8.9163237311385441e-05
31 51 3.4293552812071381e-06
38 51 8.9163237311385657e-05
39 51 0.0023182441700960216
40 51 0.0058847736625514428
41 51 0.0023182441700960216
42 51 8.9163237311385671e-05
49 51 0.00022633744855967119
50 51 0.0058847736625514367
51 51 0.014938271604938278
52 51 0.0058847736625514385
53 51 0.00022633744855967119
60 51 8.9163237311385671e-05
61 51 0.0023182441700960216
62 51 0.0058847736625514437
63 51 0.0023182441700960216
64 51 8.9163237311385671e-05
71 51 3.4293552812071462e-06
72 51 8.9163237311385644e-05
73 51 0.00022633744855967135
74 51 8.9163237311385657e-05
75 51 3.4293552812071458e-06
28 52 3.4293552812071275e-06
29 52 8.9163237311385441e-05
30 52 0.00022633744855967076
31 52 8.9163237311385441e-05
32 52 3.429355281207122e-06
39 52 8.9163237311385359e-05
40 52 0.0023182441700960216
41 52 0.0058847736625514419
42 52 0.002318244170096022
43 52 8.9163237311385224e-05
50 52 0.00022633744855967043
51 52 0.0058847736625514385
52 52 0.014938271604938264
53 52 0.0058847736625514393
54 52 0.00022633744855967011
61 52 8.9163237311385373e-05
62 52 0.0023182441700960216
63 52 0.0058847736625514419
64 52 0.0023182441700960225
65 52 8.916323731138521e-05
72 52 3.4293552812071339e-06
73 52 8.9163237311385657e-05
74 52 0.00022633744855967119
75 52 8.9163237311385671e-05
76 52 3.4293552812071288e-06
29 53 3.4293552812071381e-06
30 53 8.9163237311385454e-05
31 53 0.0002263374485596707
32 53 8.5733882030178266e-05
33 53 6.8587105624142737e-06
40 53 8.9163237311385671e-05
41 53 0.002318244170096022
42 53 0.0058847736625514393
43 53 0.0022290809327846365
44 53 0.00017832647462277123
51 53 0.00022633744855967119
52 53 0.0058847736625514393
53 53 0.014938271604938264
54 53 0.005658436213991762
55 53 0.00045267489711934222
62 53 8.9163237311385671e-05
63 53 0.0023182441700960225
64 53 0.0058847736625514385
65 53 0.002229080932784636
66 53 0.00017832647462277123
73 53 3.4293552812071462e-06
74 53 8.9163237311385657e-05
75 53 0.00022633744855967122
76 53 8.5733882030178469e-05
77 53 6.858710562414289e-06
30 54 3.429355281207122e-06
31 54 8.5733882030178266e-05
32 54 0.00013717421124828527
33 54 4.8010973936899922e-05
41 54 8.9163237311385224e-05
42 54 0.002229080932784636
43 54 0.0035665294924554173
44 54 0.0012482853223593983
52 54 0.00022633744855967011
53 54 0.0056584362139917629
54 54 0.0090534979423868289
55 54 0.0031687242798353931
63 54 8.916323731138521e-05
64 54 0.002229080932784636
65 54 0.0035665294924554177
66 54 0.0012482853223593983
74 54 3.4293552812071288e-06
75 54 8.5733882030178469e-05
76 54 0.00013717421124828555
77 54 4.8010973936900017e-05
31 55 6.8587105624142737e-06
32 55 4.8010973936899922e-05
33 55 8.2304526748971105e-05
42 55 0.00017832647462277121
43 55 0.0012482853223593983
44 55 0.0021399176954732492
53 55 0.00045267489711934222
54 55 0.0031687242798353931
55 55 0.0054320987654320916
64 55 0.00017832647462277123
65 55 0.0012482853223593981
66 55 0.0021399176954732487
75 55 6.858710562414289e-06
76 55 4.8010973936900017e-05
77 55 8.2304526748971281e-05
34 56 8.2304526748971078e-05
35 56 4.8010973936899834e-05
36 56 6.8587105624142619e-06
45 56 0.0021399176954732513
46 56 0.0012482853223593966
47 56 0.00017832647462277096
56 56 0.0054320987654320986
57 56 0.0031687242798353913
58 56 0.00045267489711934178
67 56 0.0021399176954732505
68 56 0.0012482853223593964
69 56 0.00017832647462277096
78 56 8.2304526748971037e-05
79 56 4.8010973936899807e-05
80 56 6.8587105624142551e-06
34 57 4.8010973936899834e-05
35 57 0.00013717421124828525
36 57 8.5733882030178198e-05
37 57 3.4293552812071305e-06
45 57 0.0012482853223593966
46 57 0.0035665294924554182
47 57 0.0022290809327846356
48 57 8.9163237311385468e-05
56 57 0.0031687242798353913
57 57 0.0090534979423868272
58 57 0.0056584362139917715
59 57 0.00022633744855967084
67 57 0.0012482853223593964
68 57 0.0035665294924554169
69 57 0.0022290809327846356
70 57 8.9163237311385468e-05
78 57 4.80109739368998e-05
79 57 0.00013717421124828514
80 57 8.5733882030178171e-05
81 57 3.4293552812071284e-06
34 58 6.8587105624142619e-06
35 58 8.5733882030178198e-05
36 58 0.00022633744855967062
37 58 8.9163237311385305e-05
38 58 3.4293552812071305e-06
45 58 0.00017832647462277096
46 58 0.0022290809327846356
47 58 0.0058847736625514385
48 58 0.0023182441700960212
49 58 8.9163237311385468e-05
56 58 0.00045267489711934178
57 58 0.0056584362139917715
58 58 0.014938271604938273
59 58 0.0058847736625514411
60 58 0.00022633744855967081
67 58 0.00017832647462277096
68 58 0.0022290809327846356
69 58 0.0058847736625514367
70 58 0.0023182441700960207
71 58 8.9163237311385481e-05
78 58 6.8587105624142551e-06
79 58 8.5733882030178171e-05
80 58 0.00022633744855967048
81 58 8.9163237311385291e-05
82 58 3.4293552812071275e-06
35 59 3.4293552812071305e-06
36 59 8.9163237311385305e-05
37 59 0.00022633744855967065
38 59 8.9163237311385359e-05
39 59 3.4293552812071275e-06
46 59 8.9163237311385468e-05
47 59 0.0023182441700960207
48 59 0.0058847736625514402
49 59 0.002318244170096022
50 59 8.91632373113854e-05
57 59 0.00022633744855967084
58 59 0.0058847736625514411
59 59 0.014938271604938271
60 59 0.0058847736625514445
61 59 0.00022633744855967067
68 59 8.9163237311385454e-05
69 59 0.0023182441700960207
70 59 0.0058847736625514393
71 59 0.002318244170096022
72 59 8.91632373113854e-05
79 59 3.4293552812071284e-06
80 59 8.9163237311385291e-05
81 59 0.00022633744855967048
82 59 8.9163237311385332e-05
83 59 3.429355281207125e-06
36 60 3.4293552812071305e-06
37 60 8.9163237311385359e-05
38 60 0.00022633744855967062
39 60 8.9163237311385373e-05
40 60 3.4293552812071364e-06
47 60 8.9163237311385468e-05
48 60 0.002318244170096022
49 60 0.0058847736625514376
50 60 0.0023182441700960216
51 60 8.9163237311385684e-05
58 60 0.00022633744855967081
59 60 0.0058847736625514445
60 60 0.014938271604938274
61 60 0.0058847736625514437
62 60 0.00022633744855967124
69 60 8.9163237311385481e-05
70 60 0.002318244170096022
71 60 0.0058847736625514367
72 60 0.0023182441700960212
73 60 8.9163237311385657e-05
80 60 3.4293552812071275e-06
81 60 8.9163237311385332e-05
82 60 0.00022633744855967043
83 60 8.9163237311385332e-05
84 60 3.4293552812071343e-06
37 61 3.4293552812071275e-06
38 61 8.9163237311385373e-05
39 61 0.0002263374485596707
40 61 8.9163237311385332e-05
41 61 3.429355281207125e-06
48 61 8.91632373113854e-05
49 61 0.0023182441700960216
50 61 0.0058847736625514437
51 61 0.0023182441700960216
52 61 8.9163237311385359e-05
59 61 0.00022633744855967067
60 61 0.0058847736625514437
61 61 0.014938271604938281
62 61 0.0058847736625514428
63 61 0.00022633744855967051
70 61 8.9163237311385386e-05
71 61 0.0023182441700960212
72 61 0.0058847736625514419
73 61 0.0023182441700960212
74 61 8.9163237311385359e-05
81 61 3.429355281207125e-06
82 61 8.9163237311385332e-05
83 61 0.00022633744855967051
84 61 8.9163237311385319e-05
85 61 3.4293552812071233e-06
38 62 3.4293552812071364e-06
39 62 8.9163237311385346e-05
40 62 0.0002263374485596707
41 62 8.9163237311385346e-05
42 62 3.429355281207136e-06
49 62 8.9163237311385684e-05
50 62 0.0023182441700960216
51 62 0.0058847736625514437
52 62 0.0023182441700960216
53 62 8.9163237311385671e-05
60 62 0.00022633744855967127
61 62 0.0058847736625514428
62 62 0.014938271604938285
63 62 0.0058847736625514437
64 62 0.00022633744855967127
71 62 8.9163237311385657e-05
72 62 0.0023182441700960212
73 62 0.0058847736625514428
74 62 0.0023182441700960216
75 62 8.9163237311385657e-05
82 62 3.4293552812071343e-06
83 62 8.9163237311385319e-05
84 62 0.00022633744855967054
85 62 8.9163237311385332e-05
86 62 3.4293552812071352e-06
39 63 3.429355281207125e-06
40 63 8.9163237311385346e-05
41 63 0.00022633744855967059
42 63 8.9163237311385346e-05
43 63 3.4293552812071195e-06
50 63 8.9163237311385359e-05
51 63 0.0023182441700960216
52 63 0.0058847736625514419
53 63 0.0023182441700960225
54 63 8.9163237311385197e-05
61 63 0.00022633744855967051
62 63 0.0058847736625514437
63 63 0.014938271604938273
64 63 0.0058847736625514445
65 63 0.00022633744855967011
72 63 8.9163237311385359e-05
73 63 0.0023182441700960212
74 63 0.0058847736625514385
75 63 0.0023182441700960225
76 63 8.916323731138521e-05
83 63 3.4293552812071233e-06
84 63 8.9163237311385332e-05
85 63 0.00022633744855967051
86 63 8.9163237311385359e-05
87 63 3.4293552812071174e-06
40 64 3.429355281207136e-06
41 64 8.9163237311385359e-05
42 64 0.00022633744855967059
43 64 8.5733882030178212e-05
44 64 6.8587105624142703e-06
51 64 8.9163237311385671e-05
52 64 0.0023182441700960225
53 64 0.0058847736625514393
54 64 0.002229080932784636
55 64 0.00017832647462277123
62 64 0.00022633744855967127
63 64 0.0058847736625514445
64 64 0.014938271604938269
65 64 0.0056584362139917637
66 64 0.00045267489711934243
73 64 8.9163237311385657e-05
74 64 0.0023182441700960225
75 64 0.0058847736625514376
76 64 0.0022290809327846356
77 64 0.00017832647462277121
84 64 3.4293552812071352e-06
85 64 8.9163237311385359e-05
86 64 0.00022633744855967043
87 64 8.5733882030178185e-05
88 64 6.8587105624142669e-06
41 65 3.4293552812071195e-06
42 65 8.5733882030178212e-05
43 65 0.00013717421124828519
44 65 4.8010973936899874e-05
52 65 8.9163237311385197e-05
53 65 0.002229080932784636
54 65 0.0035665294924554177
55 65 0.0012482853223593981
63 65 0.00022633744855967011
64 65 0.0056584362139917637
65 65 0.0090534979423868324
66 65 0.0031687242798353944
74 65 8.9163237311385197e-05
75 65 0.0022290809327846356
76 65 0.0035665294924554169
77 65 0.0012482853223593979
85 65 3.4293552812071178e-06
86 65 8.5733882030178158e-05
87 65 0.00013717421124828511
88 65 4.8010973936899868e-05
42 66 6.8587105624142703e-06
43 66 4.8010973936899874e-05
44 66 8.2304526748971037e-05
53 66 0.00017832647462277123
54 66 0.0012482853223593981
55 66 0.0021399176954732487
64 66 0.00045267489711934243
65 66 0.0031687242798353944
66 66 0.0054320987654320934
75 66 0.00017832647462277126
76 66 0.0012482853223593979
77 66 0.0021399176954732487
86 66 6.8587105624142669e-06
87 66 4.8010973936899868e-05
88 66 8.230452674897101e-05
45 67 8.2304526748971295e-05
46 67 4.8010973936899956e-05
47 67 6.8587105624142788e-06
56 67 0.0021399176954732505
57 67 0.0012482853223593961
58 67 0.00017832647462277094
67 67 0.0054320987654320986
68 67 0.0031687242798353909
69 67 0.00045267489711934167
78 67 0.0021399176954732505
79 67 0.0012482853223593964
80 67 0.00017832647462277091
89 67 8.2304526748971308e-05
90 67 4.8010973936899969e-05
91 67 6.8587105624142796e-06
45 68 4.8010973936899963e-05
46 68 0.00013717421124828565
47 68 8.5733882030178442e-05
48 68 3.4293552812071386e-06
56 68 0.0012482853223593961
57 68 0.0035665294924554169
58 68 0.0022290809327846356
59 68 8.9163237311385454e-05
67 68 0.0031687242798353909
68 68 0.0090534979423868289
69 68 0.0056584362139917707
70 68 0.00022633744855967089
78 68 0.0012482853223593964
79 68 0.0035665294924554177
80 68 0.002229080932784636
81 68 8.9163237311385454e-05
89 68 4.8010973936899969e-05
90 68 0.00013717421124828563
91 68 8.5733882030178442e-05
92 68 3.4293552812071394e-06
45 69 6.8587105624142788e-06
46 69 8.5733882030178442e-05
47 69 0.00022633744855967116
48 69 8.916323731138559e-05
49 69 3.4293552812071381e-06
56 69 0.00017832647462277094
57 69 0.0022290809327846356
58 69 0.0058847736625514367
59 69 0.0023182441700960207
60 69 8.9163237311385481e-05
67 69 0.00045267489711934167
68 69 0.0056584362139917707
69 69 0.014938271604938278
70 69 0.0058847736625514393
71 69 0.00022633744855967084
78 69 0.00017832647462277091
79 69 0.002229080932784636
80 69 0.0058847736625514367
81 69 0.0023182441700960212
82 69 8.9163237311385454e-05
89 69 6.8587105624142788e-06
90 69 8.5733882030178456e-05
91 69 0.00022633744855967116
92 69 8.916323731138559e-05
93 69 3.4293552812071386e-06
46 70 3.4293552812071386e-06
47 70 8.916323731138559e-05
48 70 0.00022633744855967119
49 70 8.9163237311385657e-05
50 70 3.4293552812071364e-06
57 70 8.9163237311385468e-05
58 70 0.0023182441700960207
59 70 0.0058847736625514385
60 70 0.002318244170096022
61 70 8.9163237311385373e-05
68 70 0.00022633744855967089
69 70 0.0058847736625514393
70 70 0.014938271604938276
71 70 0.0058847736625514411
72 70 0.0002263374485596707
79 70 8.9163237311385454e-05
80 70 0.0023182441700960207
81 70 0.0058847736625514376
82 70 0.0023182441700960216
83 70 8.91632373113854e-05
90 70 3.429355281207139e-06
91 70 8.9163237311385603e-05
92 70 0.00022633744855967119
93 70 8.9163237311385657e-05
94 70 3.4293552812071369e-06
47 71 3.4293552812071381e-06
48 71 8.9163237311385657e-05
49 71 0.00022633744855967116
50 71 8.9163237311385644e-05
51 71 3.4293552812071462e-06
58 71 8.9163237311385481e-05
59 71 0.002318244170096022
60 71 0.0058847736625514376
61 71 0.0023182441700960212
62 71 8.9163237311385657e-05
69 71 0.00022633744855967084
70 71 0.0058847736625514411
71 71 0.014938271604938276
72 71 0.0058847736625514437
73 71 0.00022633744855967135
80 71 8.9163237311385454e-05
81 71 0.0023182441700960216
82 71 0.0058847736625514376
83 71 0.0023182441700960212
84 71 8.9163237311385657e-05
91 71 3.4293552812071386e-06
92 71 8.9163237311385657e-05
93 71 0.00022633744855967127
94 71 8.9163237311385657e-05
95 71 3.4293552812071462e-06
48 72 3.4293552812071364e-06
49 72 8.9163237311385657e-05
50 72 0.00022633744855967127
51 72 8.9163237311385644e-05
52 72 3.4293552812071343e-06
59 72 8.91632373113854e-05
60 72 0.0023182441700960216
61 72 0.0058847736625514428
62 72 0.0023182441700960216
63 72 8.9163237311385359e-05
70 72 0.0002263374485596707
71 72 0.0058847736625514437
72 72 0.014938271604938285
73 72 0.0058847736625514419
74 72 0.00022633744855967057
81 72 8.91632373113854e-05
82 72 0.0023182441700960212
83 72 0.0058847736625514411
84 72 0.0023182441700960212
85 72 8.9163237311385346e-05
92 72 3.4293552812071369e-06
93 72 8.9163237311385657e-05
94 72 0.00022633744855967127
95 72 8.9163237311385644e-05
96 72 3.4293552812071347e-06
49 73 3.4293552812071462e-06
50 73 8.9163237311385644e-05
51 73 0.00022633744855967141
52 73 8.9163237311385644e-05
53 73 3.4293552812071458e-06
60 73 8.9163237311385657e-05
61 73 0.0023182441700960212
62 73 0.0058847736625514411
63 73 0.0023182441700960212
64 73 8.9163237311385657e-05
71 73 0.00022633744855967135
72 73 0.0058847736625514419
73 73 0.01493827160493828
74 73 0.0058847736625514445
75 73 0.00022633744855967138
82 73 8.9163237311385657e-05
83 73 0.0023182441700960212
84 73 0.0058847736625514437
85 73 0.0023182441700960212
86 73 8.9163237311385671e-05
93 73 3.4293552812071462e-06
94 73 8.9163237311385644e-05
95 73 0.00022633744855967138
96 73 8.9163237311385657e-05
97 73 3.4293552812071458e-06
50 74 3.4293552812071343e-06
51 74 8.9163237311385657e-05
52 74 0.00022633744855967119
53 74 8.9163237311385657e-05
54 74 3.4293552812071292e-06
61 74 8.9163237311385359e-05
62 74 0.0023182441700960212
63 74 0.0058847736625514385
64 74 0.0023182441700960225
65 74 8.916323731138521e-05
72 74 0.00022633744855967057
73 74 0.0058847736625514445
74 74 0.014938271604938278
75 74 0.0058847736625514454
76 74 0.00022633744855967019
83 74 8.9163237311385346e-05
84 74 0.0023182441700960212
85 74 0.0058847736625514385
86 74 0.002318244170096022
87 74 8.9163237311385197e-05
94 74 3.4293552812071347e-06
95 74 8.9163237311385657e-05
96 74 0.00022633744855967119
97 74 8.9163237311385657e-05
98 74 3.4293552812071297e-06
51 75 3.4293552812071458e-06
52 75 8.9163237311385657e-05
53 75 0.00022633744855967124
54 75 8.5733882030178442e-05
55 75 6.858710562414289e-06
62 75 8.9163237311385657e-05
63 75 0.0023182441700960225
64 75 0.0058847736625514376
65 75 0.0022290809327846356
66 75 0.00017832647462277123
73 75 0.00022633744855967138
74 75 0.0058847736625514454
75 75 0.014938271604938273
76 75 0.0056584362139917646
77 75 0.00045267489711934254
84 75 8.9163237311385671e-05
85 75 0.002318244170096022
86 75 0.0058847736625514385
87 75 0.0022290809327846356
88 75 0.00017832647462277123
95 75 3.4293552812071458e-06
96 75 8.9163237311385657e-05
97 75 0.00022633744855967122
98 75 8.5733882030178469e-05
99 75 6.8587105624142898e-06
52 76 3.4293552812071292e-06
53 76 8.5733882030178469e-05
54 76 0.00013717421124828555
55 76 4.8010973936900024e-05
63 76 8.916323731138521e-05
64 76 0.0022290809327846356
65 76 0.0035665294924554173
66 76 0.0012482853223593979
74 76 0.00022633744855967019
75 76 0.0056584362139917646
76 76 0.0090534979423868341
77 76 0.0031687242798353957
85 76 8.9163237311385197e-05
86 76 0.0022290809327846356
87 76 0.0035665294924554177
88 76 0.0012482853223593979
96 76 3.4293552812071297e-06
97 76 8.5733882030178483e-05
98 76 0.00013717421124828557
99 76 4.8010973936900024e-05
53 77 6.858710562414289e-06
54 77 4.8010973936900024e-05
55 77 8.2304526748971281e-05
64 77 0.00017832647462277123
65 77 0.0012482853223593979
66 77 0.0021399176954732487
75 77 0.00045267489711934254
76 77 0.0031687242798353957
77 77 0.0054320987654320942
86 77 0.00017832647462277123
87 77 0.0012482853223593979
88 77 0.0021399176954732487
97 77 6.8587105624142898e-06
98 77 4.8010973936900024e-05
99 77 8.2304526748971281e-05
56 78 8.230452674897101e-05
57 78 4.80109739368998e-05
58 78 6.8587105624142551e-06
67 78 0.0021399176954732505
68 78 0.0012482853223593964
69 78 0.00017832647462277091
78 78 0.0054320987654320968
79 78 0.00316872427983539
80 78 0.00045267489711934151
89 78 0.0021399176954732509
90 78 0.0012482853223593966
91 78 0.00017832647462277096
100 78 8.2304526748970902e-05
101 78 4.8010973936899725e-05
102 78 6.8587105624142441e-06
56 79 4.80109739368998e-05
57 79 0.00013717421124828514
58 79 8.5733882030178171e-05
59 79 3.4293552812071284e-06
67 79 0.0012482853223593964
68 79 0.0035665294924554182
69 79 0.002229080932784636
70 79 8.9163237311385454e-05
78 79 0.00316872427983539
79 79 0.0090534979423868237
80 79 0.0056584362139917672
81 79 0.00022633744855967076
89 79 0.0012482853223593966
90 79 0.0035665294924554186
91 79 0.002229080932784636
92 79 8.9163237311385481e-05
100 79 4.8010973936899725e-05
101 79 0.00013717421124828495
102 79 8.5733882030178036e-05
103 79 3.429355281207122e-06
56 80 6.8587105624142551e-06
57 80 8.5733882030178171e-05
58 80 0.00022633744855967046
59 80 8.9163237311385291e-05
60 80 3.4293552812071275e-06
67 80 0.00017832647462277091
68 80 0.002229080932784636
69 80 0.0058847736625514359
70 80 0.0023182441700960212
71 80 8.9163237311385454e-05
78 80 0.00045267489711934151
79 80 0.0056584362139917681
80 80 0.014938271604938267
81 80 0.0058847736625514385
82 80 0.00022633744855967076
89 80 0.00017832647462277096
90 80 0.0022290809327846356
91 80 0.0058847736625514385
92 80 0.0023182441700960212
93 80 8.9163237311385495e-05
100 80 6.8587105624142432e-06
101 80 8.5733882030178036e-05
102 80 0.00022633744855967019
103 80 8.9163237311385156e-05
104 80 3.429355281207122e-06
57 81 3.4293552812071284e-06
58 81 8.9163237311385291e-05
59 81 0.00022633744855967048
60 81 8.9163237311385332e-05
61 81 3.429355281207125e-06
68 81 8.9163237311385454e-05
69 81 0.0023182441700960212
70 81 0.0058847736625514376
71 81 0.0023182441700960216
72 81 8.91632373113854e-05
79 81 0.00022633744855967076
80 81 0.0058847736625514385
81 81 0.014938271604938267
82 81 0.0058847736625514437
83 81 0.00022633744855967059
90 81 8.9163237311385495e-05
91 81 0.0023182441700960212
92 81 0.0058847736625514385
93 81 0.0023182441700960225
94 81 8.9163237311385413e-05
101 81 3.429355281207122e-06
102 81 8.9163237311385156e-05
103 81 0.00022633744855967016
104 81 8.9163237311385183e-05
105 81 3.4293552812071195e-06
58 82 3.4293552812071275e-06
59 82 8.9163237311385332e-05
60 82 0.00022633744855967043
61 82 8.9163237311385346e-05
62 82 3.4293552812071339e-06
69 82 8.9163237311385454e-05
70 82 0.0023182441700960212
71 82 0.0058847736625514376
72 82 0.0023182441700960212
73 82 8.9163237311385657e-05
80 82 0.0002263374485596707
81 82 0.0058847736625514437
82 82 0.014938271604938262
83 82 0.0058847736625514419
84 82 0.00022633744855967122
91 82 8.9163237311385495e-05
92 82 0.0023182441700960225
93 82 0.0058847736625514393
94 82 0.0023182441700960216
95 82 8.9163237311385671e-05
102 82 3.429355281207122e-06
103 82 8.9163237311385197e-05
104 82 0.00022633744855967013
105 82 8.9163237311385183e-05
106 82 3.4293552812071292e-06
59 83 3.429355281207125e-06
60 83 8.9163237311385346e-05
61 83 0.00022633744855967051
62 83 8.9163237311385319e-05
63 83 3.4293552812071225e-06
70 83 8.91632373113854e-05
71 83 0.0023182441700960212
72 83 0.0058847736625514402
73 83 0.0023182441700960212
74 83 8.9163237311385346e-05
81 83 0.00022633744855967059
82 83 0.0058847736625514419
83 83 0.014938271604938274
84 83 0.0058847736625514385
85 83 0.00022633744855967046
92 83 8.91632373113854e-05
93 83 0.0023182441700960216
94 83 0.0058847736625514437
95 83 0.002318244170096022
96 83 8.9163237311385359e-05
103 83 3.4293552812071195e-06
104 83 8.9163237311385183e-05
105 83 0.00022633744855967013
106 83 8.9163237311385156e-05
107 83 3.4293552812071174e-06
60 84 3.4293552812071343e-06
61 84 8.9163237311385319e-05
62 84 0.00022633744855967057
63 84 8.9163237311385332e-05
64 84 3.4293552812071352e-06
71 84 8.9163237311385657e-05
72 84 0.0023182441700960212
73 84 0.0058847736625514437
74 84 0.0023182441700960212
75 84 8.9163237311385671e-05
82 84 0.00022633744855967119
83 84 0.0058847736625514385
84 84 0.014938271604938278
85 84 0.0058847736625514419
86 84 0.00022633744855967119
93 84 8.9163237311385671e-05
94 84 0.002318244170096022
95 84 0.0058847736625514445
96 84 0.0023182441700960216
97 84 8.9163237311385671e-05
104 84 3.4293552812071292e-06
105 84 8.9163237311385169e-05
106 84 0.00022633744855967024
107 84 8.9163237311385156e-05
108 84 3.4293552812071297e-06
61 85 3.4293552812071216e-06
62 85 8.9163237311385319e-05
63 85 0.00022633744855967051
64 85 8.9163237311385359e-05
65 85 3.4293552812071165e-06
72 85 8.9163237311385346e-05
73 85 0.0023182441700960212
74 85 0.0058847736625514376
75 85 0.002318244170096022
76 85 8.9163237311385197e-05
83 85 0.00022633744855967046
84 85 0.0058847736625514419
85 85 0.014938271604938271
86 85 0.0058847736625514428
87 85 0.00022633744855967011
94 85 8.9163237311385359e-05
95 85 0.0023182441700960216
96 85 0.0058847736625514411
97 85 0.0023182441700960225
98 85 8.9163237311385224e-05
105 85 3.4293552812071174e-06
106 85 8.9163237311385156e-05
107 85 0.00022633744855967019
108 85 8.9163237311385197e-05
109 85 3.4293552812071114e-06
62 86 3.4293552812071347e-06
63 86 8.9163237311385359e-05
64 86 0.00022633744855967043
65 86 8.5733882030178185e-05
66 86 6.8587105624142652e-06
73 86 8.9163237311385671e-05
74 86 0.002318244170096022
75 86 0.0058847736625514385
76 86 0.0022290809327846356
77 86 0.00017832647462277123
84 86 0.00022633744855967119
85 86 0.0058847736625514428
86 86 0.014938271604938266
87 86 0.005658436213991762
88 86 0.00045267489711934222
95 86 8.9163237311385671e-05
96 86 0.0023182441700960225
97 86 0.0058847736625514411
98 86 0.0022290809327846365
99 86 0.00017832647462277129
106 86 3.4293552812071297e-06
107 86 8.9163237311385197e-05
108 86 0.00022633744855967008
109 86 8.5733882030178036e-05
110 86 6.8587105624142551e-06
63 87 3.4293552812071165e-06
64 87 8.5733882030178158e-05
65 87 0.00013717421124828511
66 87 4.8010973936899868e-05
74 87 8.9163237311385197e-05
75 87 0.0022290809327846356
76 87 0.0035665294924554177
77 87 0.0012482853223593979
85 87 0.00022633744855967016
86 87 0.005658436213991762
87 87 0.0090534979423868307
88 87 0.0031687242798353935
96 87 8.9163237311385224e-05
97 87 0.0022290809327846365
98 87 0.0035665294924554177
99 87 0.0012482853223593983
107 87 3.4293552812071114e-06
108 87 8.5733882030178036e-05
109 87 0.00013717421124828487
110 87 4.8010973936899793e-05
64 88 6.8587105624142652e-06
65 88 4.8010973936899868e-05
66 88 8.2304526748971024e-05
75 88 0.00017832647462277123
76 88 0.0012482853223593981
77 88 0.0021399176954732487
86 88 0.00045267489711934222
87 88 0.0031687242798353931
88 88 0.0054320987654320916
97 88 0.00017832647462277129
98 88 0.0012482853223593983
99 88 0.0021399176954732492
108 88 6.8587105624142551e-06
109 88 4.8010973936899793e-05
110 88 8.2304526748970875e-05
67 89 8.2304526748971308e-05
68 89 4.8010973936899969e-05
69 89 6.8587105624142796e-06
78 89 0.0021399176954732509
79 89 0.0012482853223593964
80 89 0.00017832647462277096
89 89 0.0054320987654320951
90 89 0.0031687242798353892
91 89 0.00045267489711934146
100 89 0.0020576131687242783
101 89 0.0012002743484224962
102 89 0.00017146776406035661
111 89 0.00016460905349794254
112 89 9.6021947873799885e-05
113 89 1.3717421124828549e-05
67 90 4.8010973936899969e-05
68 90 0.00013717421124828563
69 90 8.5733882030178442e-05
70 90 3.429355281207139e-06
78 90 0.0012482853223593964
79 90 0.0035665294924554186
80 90 0.0022290809327846356
81 90 8.9163237311385481e-05
89 90 0.0031687242798353892
90 90 0.0090534979423868237
91 90 0.0056584362139917663
92 90 0.00022633744855967078
100 90 0.0012002743484224962
101 90 0.0034293552812071316
102 90 0.0021433470507544556
103 90 8.573388203017828e-05
111 90 9.6021947873799898e-05
112 90 0.00027434842249657115
113 90 0.0001714677640603568
114 90 6.8587105624142746e-06
67 91 6.8587105624142788e-06
68 91 8.5733882030178456e-05
69 91 0.00022633744855967116
70 91 8.916323731138559e-05
71 91 3.4293552812071386e-06
78 91 0.00017832647462277096
79 91 0.0022290809327846356
80 91 0.0058847736625514385
81 91 0.0023182441700960212
82 91 8.9163237311385495e-05
89 91 0.00045267489711934146
90 91 0.0056584362139917655
91 91 0.014938271604938266
92 91 0.0058847736625514359
93 91 0.00022633744855967073
100 91 0.00017146776406035661
101 91 0.0021433470507544556
102 91 0.0056584362139917611
103 91 0.0022290809327846339
104 91 8.5733882030178266e-05
111 91 1.3717421124828549e-05
112 91 0.0001714677640603568
113 91 0.00045267489711934222
114 91 0.00017832647462277104
115 91 6.8587105624142746e-06
68 92 3.429355281207139e-06
69 92 8.9163237311385603e-05
70 92 0.00022633744855967119
71 92 8.9163237311385657e-05
72 92 3.4293552812071369e-06
79 92 8.9163237311385481e-05
80 92 0.0023182441700960212
81 92 0.0058847736625514393
82 92 0.0023182441700960225
83 92 8.91632373113854e-05
90 92 0.00022633744855967078
91 92 0.0058847736625514359
92 92 0.014938271604938267
93 92 0.0058847736625514376
94 92 0.00022633744855967059
101 92 8.573388203017828e-05
102 92 0.0022290809327846339
103 92 0.0056584362139917637
104 92 0.0022290809327846352
105 92 8.5733882030178212e-05
112 92 6.8587105624142746e-06
113 92 0.00017832647462277104
114 92 0.00045267489711934222
115 92 0.00017832647462277115
116 92 6.8587105624142712e-06
69 93 3.4293552812071381e-06
70 93 8.9163237311385657e-05
71 93 0.00022633744855967127
72 93 8.9163237311385671e-05
73 93 3.4293552812071462e-06
80 93 8.9163237311385495e-05
81 93 0.0023182441700960225
82 93 0.0058847736625514393
83 93 0.0023182441700960216
84 93 8.9163237311385671e-05
91 93 0.00022633744855967073
92 93 0.0058847736625514376
93 93 0.014938271604938262
94 93 0.0058847736625514385
95 93 0.00022633744855967124
102 93 8.5733882030178266e-05
103 93 0.0022290809327846352
104 93 0.0056584362139917611
105 93 0.0022290809327846352
106 93 8.5733882030178442e-05
113 93 6.8587105624142746e-06
114 93 0.00017832647462277115
115 93 0.00045267489711934222
116 93 0.00017832647462277115
117 93 6.858710562414289e-06
70 94 3.4293552812071369e-06
71 94 8.9163237311385657e-05
72 94 0.00022633744855967127
73 94 8.9163237311385644e-05
74 94 3.4293552812071347e-06
81 94 8.91632373113854e-05
82 94 0.0023182441700960216
83 94 0.0058847736625514437
84 94 0.002318244170096022
85 94 8.9163237311385359e-05
92 94 0.00022633744855967059
93 94 0.0058847736625514385
94 94 0.014938271604938271
95 94 0.0058847736625514385
96 94 0.00022633744855967046
103 94 8.5733882030178212e-05
104 94 0.0022290809327846352
105 94 0.0056584362139917637
106 94 0.0022290809327846352
107 94 8.5733882030178185e-05
114 94 6.8587105624142712e-06
115 94 0.00017832647462277121
116 94 0.00045267489711934243
117 94 0.00017832647462277123
118 94 6.8587105624142669e-06
71 95 3.4293552812071462e-06
72 95 8.9163237311385644e-05
73 95 0.00022633744855967138
74 95 8.9163237311385657e-05
75 95 3.4293552812071458e-06
82 95 8.9163237311385671e-05
83 95 0.002318244170096022
84 95 0.0058847736625514445
85 95 0.0023182441700960216
86 95 8.9163237311385671e-05
93 95 0.00022633744855967122
94 95 0.0058847736625514385
95 95 0.014938271604938271
96 95 0.0058847736625514393
97 95 0.00022633744855967122
104 95 8.5733882030178442e-05
105 95 0.0022290809327846352
106 95 0.0056584362139917655
107 95 0.0022290809327846347
108 95 8.5733882030178469e-05
115 95 6.858710562414289e-06
116 95 0.00017832647462277121
117 95 0.0004526748971193426
118 95 0.00017832647462277118
119 95 6.8587105624142898e-06
72 96 3.4293552812071347e-06
73 96 8.9163237311385657e-05
74 96 0.00022633744855967119
75 96 8.9163237311385657e-05
76 96 3.4293552812071297e-06
83 96 8.9163237311385332e-05
84 96 0.0023182441700960216
85 96 0.0058847736625514393
86 96 0.0023182441700960225
87 96 8.9163237311385224e-05
94 96 0.00022633744855967046
95 96 0.0058847736625514393
96 96 0.014938271604938264
97 96 0.0058847736625514402
98 96 0.00022633744855967008
105 96 8.5733882030178185e-05
106 96 0.0022290809327846347
107 96 0.005658436213991762
108 96 0.0022290809327846356
109 96 8.5733882030178022e-05
116 96 6.8587105624142669e-06
117 96 0.00017832647462277118
118 96 0.00045267489711934216
119 96 0.00017832647462277126
120 96 6.8587105624142559e-06
73 97 3.4293552812071458e-06
74 97 8.9163237311385657e-05
75 97 0.00022633744855967122
76 97 8.5733882030178483e-05
77 97 6.8587105624142898e-06
84 97 8.9163237311385671e-05
85 97 0.0023182441700960225
86 97 0.0058847736625514411
87 97 0.0022290809327846365
88 97 0.00017832647462277129
95 97 0.00022633744855967122
96 97 0.0058847736625514402
97 97 0.014938271604938264
98 97 0.005658436213991762
99 97 0.00045267489711934232
106 97 8.5733882030178469e-05
107 97 0.0022290809327846356
108 97 0.005658436213991762
109 97 0.0021433470507544569
110 97 0.00017146776406035686
117 97 6.8587105624142898e-06
118 97 0.00017832647462277126
119 97 0.00045267489711934232
120 97 0.0001714677640603568
121 97 1.3717421124828569e-05
74 98 3.4293552812071297e-06
75 98 8.5733882030178483e-05
76 98 0.00013717421124828557
77 98 4.8010973936900024e-05
85 98 8.9163237311385224e-05
86 98 0.0022290809327846365
87 98 0.0035665294924554182
88 98 0.0012482853223593985
96 98 0.00022633744855967008
97 98 0.005658436213991762
98 98 0.0090534979423868289
99 98 0.0031687242798353935
107 98 8.5733882030178022e-05
108 98 0.0021433470507544569
109 98 0.003429355281207132
110 98 0.0012002743484224975
118 98 6.8587105624142559e-06
119 98 0.0001714677640603568
120 98 0.00027434842249657098
121 98 9.6021947873800006e-05
75 99 6.8587105624142907e-06
76 99 4.8010973936900024e-05
77 99 8.2304526748971281e-05
86 99 0.00017832647462277129
87 99 0.0012482853223593983
88 99 0.0021399176954732496
97 99 0.00045267489711934232
98 99 0.0031687242798353935
99 99 0.0054320987654320908
108 99 0.00017146776406035686
109 99 0.0012002743484224973
110 99 0.0020576131687242774
119 99 1.3717421124828571e-05
120 99 9.6021947873800006e-05
121 99 0.00016460905349794251
78 100 8.2304526748970902e-05
79 100 4.8010973936899732e-05
80 100 6.8587105624142441e-06
89 100 0.0020576131687242778
90 100 0.0012002743484224962
91 100 0.00017146776406035659
100 100 0.0032921810699588464
101 100 0.0019204389574759943
102 100 0.00027434842249657066
111 100 0.0011522633744855979
112 100 0.00067215363511659884
113 100 9.602194787379983e-05
78 101 4.8010973936899732e-05
79 101 0.00013717421124828495
80 101 8.5733882030178022e-05
81 101 3.429355281207122e-06
89 101 0.0012002743484224962
90 101 0.0034293552812071316
91 101 0.0021433470507544552
92 101 8.573388203017828e-05
100 101 0.0019204389574759943
101 101 0.0054869684499314073
102 101 0.0034293552812071303
103 101 0.0001371742112482853
111 101 0.00067215363511659884
112 101 0.0019204389574759971
113 101 0.0012002743484224978
114 101 4.8010973936899929e-05
78 102 6.8587105624142441e-06
79 102 8.5733882030178022e-05
80 102 0.00022633744855967016
81 102 8.9163237311385156e-05
82 102 3.4293552812071212e-06
89 102 0.00017146776406035659
90 102 0.0021433470507544552
91 102 0.0056584362139917611
92 102 0.0022290809327846339
93 102 8.5733882030178252e-05
100 102 0.00027434842249657066
101 102 0.0034293552812071303
102 102 0.0090534979423868237
103 102 0.0035665294924554156
104 102 0.00013717421124828527
111 102 9.602194787379983e-05
112 102 0.001200274348422498
113 102 0.0031687242798353939
114 102 0.0012482853223593977
115 102 4.8010973936899915e-05
79 103 3.429355281207122e-06
80 103 8.9163237311385156e-05
81 103 0.00022633744855967019
82 103 8.9163237311385197e-05
83 103 3.4293552812071195e-06
90 103 8.573388203017828e-05
91 103 0.0022290809327846339
92 103 0.0056584362139917637
93 103 0.0022290809327846352
94 103 8.5733882030178198e-05
101 103 0.0001371742112482853
102 103 0.0035665294924554156
103 103 0.0090534979423868255
104 103 0.0035665294924554182
105 103 0.00013717421124828519
112 103 4.8010973936899929e-05
113 103 0.0012482853223593977
114 103 0.0031687242798353939
115 103 0.0012482853223593985
116 103 4.8010973936899881e-05
80 104 3.4293552812071212e-06
81 104 8.9163237311385197e-05
82 104 0.00022633744855967013
83 104 8.9163237311385169e-05
84 104 3.4293552812071292e-06
91 104 8.5733882030178252e-05
92 104 0.0022290809327846347
93 104 0.0056584362139917611
94 104 0.0022290809327846352
95 104 8.5733882030178469e-05
102 104 0.00013717421124828527
103 104 0.0035665294924554182
104 104 0.0090534979423868237
105 104 0.0035665294924554186
106 104 0.00013717421124828555
113 104 4.8010973936899915e-05
114 104 0.0012482853223593985
115 104 0.0031687242798353939
116 104 0.0012482853223593981
117 104 4.8010973936900024e-05
81 105 3.4293552812071195e-06
82 105 8.9163237311385169e-05
83 105 0.00022633744855967011
84 105 8.9163237311385156e-05
85 105 3.4293552812071178e-06
92 105 8.5733882030178212e-05
93 105 0.0022290809327846352
94 105 0.0056584362139917637
95 105 0.0022290809327846352
96 105 8.5733882030178171e-05
103 105 0.00013717421124828519
104 105 0.0035665294924554177
105 105 0.0090534979423868255
106 105 0.0035665294924554177
107 105 0.00013717421124828514
114 105 4.8010973936899881e-05
115 105 0.0012482853223593983
116 105 0.0031687242798353948
117 105 0.0012482853223593981
118 105 4.8010973936899861e-05
82 106 3.4293552812071292e-06
83 106 8.9163237311385169e-05
84 106 0.00022633744855967027
85 106 8.9163237311385156e-05
86 106 3.4293552812071301e-06
93 106 8.5733882030178469e-05
94 106 0.0022290809327846352
95 106 0.0056584362139917655
96 106 0.0022290809327846347
97 106 8.5733882030178483e-05
104 106 0.00013717421124828555
105 106 0.0035665294924554173
106 106 0.0090534979423868289
107 106 0.0035665294924554177
108 106 0.00013717421124828557
115 106 4.8010973936900017e-05
116 106 0.0012482853223593979
117 106 0.003168724279835397
118 106 0.0012482853223593979
119 106 4.8010973936900017e-05
83 107 3.4293552812071178e-06
84 107 8.9163237311385156e-05
85 107 0.00022633744855967016
86 107 8.9163237311385197e-05
87 107 3.4293552812071123e-06
94 107 8.5733882030178185e-05
95 107 0.0022290809327846347
96 107 0.0056584362139917611
97 107 0.0022290809327846356
98 107 8.5733882030178022e-05
105 107 0.00013717421124828514
106 107 0.0035665294924554177
107 107 0.0090534979423868255
108 107 0.0035665294924554182
109 107 0.00013717421124828492
116 107 4.8010973936899861e-05
117 107 0.0012482853223593981
118 107 0.0031687242798353935
119 107 0.0012482853223593983
120 107 4.8010973936899786e-05
84 108 3.4293552812071301e-06
85 108 8.9163237311385197e-05
86 108 0.00022633744855967011
87 108 8.5733882030178036e-05
88 108 6.8587105624142551e-06
95 108 8.5733882030178483e-05
96 108 0.0022290809327846356
97 108 0.005658436213991762
98 108 0.0021433470507544569
99 108 0.00017146776406035686
106 108 0.0001371742112482856
107 108 0.0035665294924554182
108 108 0.009053497942386822
109 108 0.0034293552812071329
110 108 0.00027434842249657098
117 108 4.8010973936900017e-05
118 108 0.0012482853223593985
119 108 0.0031687242798353948
120 108 0.0012002743484224973
121 108 9.6021947873800006e-05
85 109 3.4293552812071123e-06
86 109 8.5733882030178036e-05
87 109 0.00013717421124828487
88 109 4.8010973936899793e-05
96 109 8.5733882030178022e-05
97 109 0.0021433470507544569
98 109 0.0034293552812071316
99 109 0.0012002743484224973
107 109 0.00013717421124828489
108 109 0.0034293552812071329
109 109 0.0054869684499314151
110 109 0.0019204389574759969
118 109 4.8010973936899786e-05
119 109 0.0012002743484224973
120 109 0.0019204389574759967
121 109 0.0006721536351165996
86 110 6.8587105624142551e-06
87 110 4.8010973936899793e-05
88 110 8.2304526748970875e-05
97 110 0.00017146776406035686
98 110 0.0012002743484224975
99 110 0.0020576131687242774
108 110 0.00027434842249657104
109 110 0.0019204389574759969
110 110 0.0032921810699588451
119 110 9.6021947873800006e-05
120 110 0.0006721536351165996
121 110 0.0011522633744855968
89 111 0.00016460905349794256
90 111 9.6021947873799898e-05
91 111 1.3717421124828549e-05
100 111 0.0011522633744855979
101 111 0.00067215363511659895
102 111 9.6021947873799844e-05
111 111 0.0019753086419753065
112 111 0.0011522633744855957
113 111 0.00016460905349794218
89 112 9.6021947873799898e-05
90 112 0.00027434842249657115
91 112 0.0001714677640603568
92 112 6.8587105624142746e-06
100 112 0.00067215363511659895
101 112 0.0019204389574759969
102 112 0.0012002743484224978
103 112 4.8010973936899929e-05
111 112 0.0011522633744855957
112 112 0.0032921810699588433
113 112 0.0020576131687242774
114 112 8.2304526748971078e-05
89 113 1.3717421124828549e-05
90 113 0.0001714677640603568
91 113 0.00045267489711934222
92 113 0.00017832647462277104
93 113 6.8587105624142746e-06
100 113 9.6021947873799844e-05
101 113 0.001200274348422498
102 113 0.0031687242798353939
103 113 0.0012482853223593977
104 113 4.8010973936899929e-05
111 113 0.00016460905349794218
112 113 0.0020576131687242774
113 113 0.0054320987654320934
114 113 0.0021399176954732479
115 113 8.2304526748971078e-05
90 114 6.8587105624142746e-06
91 114 0.00017832647462277104
92 114 0.00045267489711934222
93 114 0.00017832647462277123
94 114 6.8587105624142712e-06
101 114 4.8010973936899929e-05
102 114 0.0012482853223593977
103 114 0.0031687242798353939
104 114 0.0012482853223593985
105 114 4.8010973936899881e-05
112 114 8.2304526748971078e-05
113 114 0.0021399176954732479
114 114 0.0054320987654320942
115 114 0.0021399176954732487
116 114 8.2304526748971024e-05
91 115 6.8587105624142746e-06
92 115 0.00017832647462277121
93 115 0.00045267489711934222
94 115 0.00017832647462277121
95 115 6.858710562414289e-06
102 115 4.8010973936899929e-05
103 115 0.0012482853223593985
104 115 0.0031687242798353939
105 115 0.0012482853223593981
106 115 4.8010973936900017e-05
113 115 8.2304526748971078e-05
114 115 0.0021399176954732487
115 115 0.0054320987654320925
116 115 0.0021399176954732492
117 115 8.2304526748971281e-05
92 116 6.8587105624142712e-06
93 116 0.00017832647462277121
94 116 0.00045267489711934243
95 116 0.00017832647462277123
96 116 6.8587105624142669e-06
103 116 4.8010973936899881e-05
104 116 0.0012482853223593981
105 116 0.0031687242798353948
106 116 0.0012482853223593981
107 116 4.8010973936899861e-05
114 116 8.2304526748971024e-05
115 116 0.0021399176954732492
116 116 0.0054320987654320934
117 116 0.0021399176954732487
118 116 8.2304526748970983e-05
93 117 6.858710562414289e-06
94 117 0.00017832647462277123
95 117 0.0004526748971193426
96 117 0.00017832647462277118
97 117 6.8587105624142898e-06
104 117 4.8010973936900017e-05
105 117 0.0012482853223593981
106 117 0.0031687242798353974
107 117 0.0012482853223593979
108 117 4.8010973936900017e-05
115 117 8.2304526748971281e-05
116 117 0.0021399176954732487
117 117 0.0054320987654320942
118 117 0.0021399176954732487
119 117 8.2304526748971281e-05
94 118 6.8587105624142669e-06
95 118 0.00017832647462277118
96 118 0.00045267489711934222
97 118 0.00017832647462277126
98 118 6.8587105624142551e-06
105 118 4.8010973936899861e-05
106 118 0.0012482853223593979
107 118 0.0031687242798353935
108 118 0.0012482853223593983
109 118 4.8010973936899786e-05
116 118 8.2304526748970983e-05
117 118 0.0021399176954732487
118 118 0.0054320987654320934
119 118 0.0021399176954732492
120 118 8.2304526748970848e-05
95 119 6.8587105624142898e-06
96 119 0.00017832647462277126
97 119 0.00045267489711934232
98 119 0.0001714677640603568
99 119 1.3717421124828569e-05
106 119 4.8010973936900017e-05
107 119 0.0012482853223593983
108 119 0.0031687242798353948
109 119 0.0012002743484224973
110 119 9.6021947873799993e-05
117 119 8.2304526748971281e-05
118 119 0.0021399176954732492
119 119 0.0054320987654320925
120 119 0.0020576131687242765
121 119 0.00016460905349794245
96 120 6.8587105624142551e-06
97 120 0.0001714677640603568
98 120 0.00027434842249657098
99 120 9.6021947873800006e-05
107 120 4.8010973936899786e-05
108 120 0.0012002743484224973
109 120 0.0019204389574759967
110 120 0.00067215363511659971
118 120 8.2304526748970861e-05
119 120 0.0020576131687242765
120 120 0.0032921810699588446
121 120 0.001152263374485597
97 121 1.3717421124828571e-05
98 121 9.6021947873800006e-05
99 121 0.00016460905349794251
108 121 9.6021947873799993e-05
109 121 0.00067215363511659971
110 121 0.001152263374485597
119 121 0.00016460905349794245
120 121 0.001152263374485597
121 121 0.0019753086419753048


