# Created by Octave 5.2.0, Tue Oct 26 13:16:31 2021 CEST <omen@omen-linux>
# name: riga_10
# type: sparse matrix
# nnz: 2916
# rows: 144
# columns: 144
1 1 0.0016000000000000001
2 1 0.00093333333333333332
3 1 0.00013333333333333331
13 1 0.00093333333333333354
14 1 0.00054444444444444429
15 1 7.7777777777777782e-05
25 1 0.00013333333333333339
26 1 7.7777777777777768e-05
27 1 1.1111111111111113e-05
1 2 0.00093333333333333332
2 2 0.0026666666666666661
3 2 0.0016666666666666666
4 2 6.666666666666667e-05
13 2 0.00054444444444444429
14 2 0.0015555555555555555
15 2 0.00097222222222222219
16 2 3.8888888888888904e-05
25 2 7.7777777777777768e-05
26 2 0.00022222222222222223
27 2 0.00013888888888888886
28 2 5.5555555555555584e-06
1 3 0.00013333333333333334
2 3 0.0016666666666666666
3 3 0.0043999999999999985
4 3 0.0017333333333333339
5 3 6.666666666666667e-05
13 3 7.7777777777777782e-05
14 3 0.00097222222222222219
15 3 0.0025666666666666676
16 3 0.0010111111111111111
17 3 3.8888888888888898e-05
25 3 1.1111111111111113e-05
26 3 0.00013888888888888886
27 3 0.00036666666666666683
28 3 0.00014444444444444446
29 3 5.5555555555555558e-06
2 4 6.6666666666666683e-05
3 4 0.0017333333333333339
4 4 0.0044000000000000011
5 4 0.0017333333333333337
6 4 6.6666666666666724e-05
14 4 3.8888888888888911e-05
15 4 0.0010111111111111111
16 4 0.0025666666666666689
17 4 0.0010111111111111115
18 4 3.8888888888888931e-05
26 4 5.5555555555555584e-06
27 4 0.00014444444444444446
28 4 0.00036666666666666705
29 4 0.00014444444444444446
30 4 5.5555555555555626e-06
3 5 6.666666666666667e-05
4 5 0.0017333333333333337
5 5 0.0043999999999999994
6 5 0.0017333333333333335
7 5 6.6666666666666683e-05
15 5 3.8888888888888898e-05
16 5 0.0010111111111111113
17 5 0.0025666666666666672
18 5 0.0010111111111111111
19 5 3.8888888888888898e-05
27 5 5.5555555555555558e-06
28 5 0.00014444444444444446
29 5 0.00036666666666666689
30 5 0.00014444444444444444
31 5 5.5555555555555575e-06
4 6 6.6666666666666724e-05
5 6 0.0017333333333333335
6 6 0.0044000000000000011
7 6 0.0017333333333333324
8 6 6.6666666666666589e-05
16 6 3.8888888888888931e-05
17 6 0.0010111111111111111
18 6 0.0025666666666666689
19 6 0.0010111111111111104
20 6 3.8888888888888857e-05
28 6 5.5555555555555626e-06
29 6 0.00014444444444444444
30 6 0.000366666666666667
31 6 0.00014444444444444438
32 6 5.5555555555555499e-06
5 7 6.6666666666666683e-05
6 7 0.0017333333333333324
7 7 0.0043999999999999977
8 7 0.0017333333333333348
9 7 6.6666666666666643e-05
17 7 3.8888888888888898e-05
18 7 0.0010111111111111104
19 7 0.0025666666666666672
20 7 0.0010111111111111115
21 7 3.8888888888888884e-05
29 7 5.5555555555555584e-06
30 7 0.00014444444444444438
31 7 0.00036666666666666667
32 7 0.00014444444444444463
33 7 5.5555555555555567e-06
6 8 6.6666666666666589e-05
7 8 0.0017333333333333348
8 8 0.0044000000000000003
9 8 0.0017333333333333328
10 8 6.6666666666666683e-05
18 8 3.8888888888888857e-05
19 8 0.0010111111111111115
20 8 0.0025666666666666689
21 8 0.0010111111111111106
22 8 3.8888888888888898e-05
30 8 5.5555555555555499e-06
31 8 0.00014444444444444463
32 8 0.000366666666666667
33 8 0.00014444444444444446
34 8 5.5555555555555584e-06
7 9 6.6666666666666643e-05
8 9 0.0017333333333333328
9 9 0.0043999999999999959
10 9 0.0017333333333333333
11 9 6.6666666666666738e-05
19 9 3.8888888888888884e-05
20 9 0.0010111111111111106
21 9 0.0025666666666666659
22 9 0.0010111111111111111
23 9 3.8888888888888938e-05
31 9 5.5555555555555558e-06
32 9 0.00014444444444444446
33 9 0.00036666666666666662
34 9 0.00014444444444444449
35 9 5.5555555555555643e-06
8 10 6.6666666666666683e-05
9 10 0.0017333333333333333
10 10 0.0044000000000000037
11 10 0.001666666666666667
12 10 0.00013333333333333318
20 10 3.8888888888888898e-05
21 10 0.0010111111111111111
22 10 0.0025666666666666702
23 10 0.00097222222222222263
24 10 7.7777777777777714e-05
32 10 5.5555555555555584e-06
33 10 0.00014444444444444449
34 10 0.00036666666666666721
35 10 0.00013888888888888905
36 10 1.11111111111111e-05
9 11 6.6666666666666738e-05
10 11 0.001666666666666667
11 11 0.002666666666666664
12 11 0.00093333333333333289
21 11 3.8888888888888938e-05
22 11 0.00097222222222222263
23 11 0.0015555555555555546
24 11 0.00054444444444444419
33 11 5.5555555555555643e-06
34 11 0.00013888888888888902
35 11 0.00022222222222222207
36 11 7.7777777777777741e-05
10 12 0.00013333333333333318
11 12 0.00093333333333333289
12 12 0.0015999999999999988
22 12 7.7777777777777714e-05
23 12 0.00054444444444444419
24 12 0.00093333333333333256
34 12 1.11111111111111e-05
35 12 7.7777777777777741e-05
36 12 0.00013333333333333323
1 13 0.00093333333333333343
2 13 0.00054444444444444429
3 13 7.7777777777777782e-05
13 13 0.0026666666666666653
14 13 0.0015555555555555557
15 13 0.00022222222222222221
25 13 0.0016666666666666666
26 13 0.00097222222222222219
27 13 0.00013888888888888892
37 13 6.6666666666666697e-05
38 13 3.8888888888888898e-05
39 13 5.5555555555555584e-06
1 14 0.0005444444444444444
2 14 0.0015555555555555555
3 14 0.0009722222222222223
4 14 3.8888888888888904e-05
13 14 0.0015555555555555557
14 14 0.0044444444444444453
15 14 0.0027777777777777779
16 14 0.00011111111111111113
25 14 0.00097222222222222219
26 14 0.002777777777777777
27 14 0.0017361111111111108
28 14 6.9444444444444471e-05
37 14 3.8888888888888898e-05
38 14 0.00011111111111111114
39 14 6.9444444444444458e-05
40 14 2.7777777777777796e-06
1 15 7.7777777777777782e-05
2 15 0.0009722222222222223
3 15 0.0025666666666666676
4 15 0.0010111111111111111
5 15 3.8888888888888898e-05
13 15 0.00022222222222222223
14 15 0.0027777777777777779
15 15 0.0073333333333333384
16 15 0.0028888888888888896
17 15 0.00011111111111111114
25 15 0.00013888888888888892
26 15 0.0017361111111111108
27 15 0.0045833333333333325
28 15 0.0018055555555555555
29 15 6.9444444444444458e-05
37 15 5.5555555555555575e-06
38 15 6.9444444444444458e-05
39 15 0.00018333333333333344
40 15 7.222222222222226e-05
41 15 2.7777777777777796e-06
2 16 3.8888888888888904e-05
3 16 0.0010111111111111113
4 16 0.0025666666666666689
5 16 0.0010111111111111115
6 16 3.8888888888888931e-05
14 16 0.00011111111111111113
15 16 0.0028888888888888896
16 16 0.0073333333333333401
17 16 0.0028888888888888896
18 16 0.00011111111111111121
26 16 6.9444444444444471e-05
27 16 0.0018055555555555555
28 16 0.0045833333333333342
29 16 0.0018055555555555557
30 16 6.9444444444444499e-05
38 16 2.77777777777778e-06
39 16 7.222222222222226e-05
40 16 0.00018333333333333358
41 16 7.222222222222226e-05
42 16 2.7777777777777813e-06
3 17 3.8888888888888898e-05
4 17 0.0010111111111111113
5 17 0.0025666666666666672
6 17 0.0010111111111111111
7 17 3.8888888888888898e-05
15 17 0.00011111111111111114
16 17 0.0028888888888888896
17 17 0.0073333333333333358
18 17 0.0028888888888888888
19 17 0.00011111111111111112
27 17 6.9444444444444458e-05
28 17 0.0018055555555555557
29 17 0.0045833333333333308
30 17 0.0018055555555555553
31 17 6.9444444444444444e-05
39 17 2.7777777777777796e-06
40 17 7.222222222222226e-05
41 17 0.00018333333333333342
42 17 7.2222222222222246e-05
43 17 2.7777777777777796e-06
4 18 3.8888888888888931e-05
5 18 0.0010111111111111111
6 18 0.0025666666666666685
7 18 0.0010111111111111104
8 18 3.8888888888888857e-05
16 18 0.00011111111111111121
17 18 0.0028888888888888888
18 18 0.0073333333333333401
19 18 0.0028888888888888888
20 18 0.00011111111111111097
28 18 6.9444444444444499e-05
29 18 0.0018055555555555553
30 18 0.0045833333333333325
31 18 0.0018055555555555546
32 18 6.944444444444435e-05
40 18 2.7777777777777817e-06
41 18 7.2222222222222246e-05
42 18 0.00018333333333333347
43 18 7.2222222222222219e-05
44 18 2.7777777777777758e-06
5 19 3.8888888888888898e-05
6 19 0.0010111111111111104
7 19 0.0025666666666666676
8 19 0.0010111111111111115
9 19 3.8888888888888884e-05
17 19 0.00011111111111111112
18 19 0.0028888888888888888
19 19 0.0073333333333333332
20 19 0.0028888888888888905
21 19 0.00011111111111111108
29 19 6.9444444444444444e-05
30 19 0.0018055555555555548
31 19 0.0045833333333333299
32 19 0.001805555555555557
33 19 6.9444444444444417e-05
41 19 2.7777777777777796e-06
42 19 7.2222222222222219e-05
43 19 0.00018333333333333336
44 19 7.2222222222222341e-05
45 19 2.7777777777777783e-06
6 20 3.8888888888888857e-05
7 20 0.0010111111111111115
8 20 0.0025666666666666689
9 20 0.0010111111111111106
10 20 3.8888888888888898e-05
18 20 0.00011111111111111097
19 20 0.0028888888888888905
20 20 0.007333333333333341
21 20 0.0028888888888888883
22 20 0.00011111111111111113
30 20 6.944444444444435e-05
31 20 0.0018055555555555572
32 20 0.0045833333333333334
33 20 0.0018055555555555546
34 20 6.9444444444444431e-05
42 20 2.7777777777777758e-06
43 20 7.2222222222222341e-05
44 20 0.00018333333333333355
45 20 7.2222222222222246e-05
46 20 2.7777777777777792e-06
7 21 3.8888888888888884e-05
8 21 0.0010111111111111108
9 21 0.0025666666666666659
10 21 0.0010111111111111111
11 21 3.8888888888888938e-05
19 21 0.0001111111111111111
20 21 0.0028888888888888888
21 21 0.0073333333333333297
22 21 0.0028888888888888892
23 21 0.00011111111111111127
31 21 6.9444444444444417e-05
32 21 0.0018055555555555546
33 21 0.0045833333333333282
34 21 0.0018055555555555559
35 21 6.9444444444444526e-05
43 21 2.7777777777777783e-06
44 21 7.2222222222222246e-05
45 21 0.00018333333333333334
46 21 7.222222222222226e-05
47 21 2.7777777777777826e-06
8 22 3.8888888888888898e-05
9 22 0.0010111111111111111
10 22 0.0025666666666666707
11 22 0.00097222222222222263
12 22 7.7777777777777714e-05
20 22 0.00011111111111111113
21 22 0.0028888888888888888
22 22 0.0073333333333333445
23 22 0.0027777777777777788
24 22 0.00022222222222222193
32 22 6.9444444444444431e-05
33 22 0.0018055555555555559
34 22 0.0045833333333333351
35 22 0.0017361111111111112
36 22 0.0001388888888888887
44 22 2.7777777777777792e-06
45 22 7.222222222222226e-05
46 22 0.00018333333333333358
47 22 6.9444444444444526e-05
48 22 5.5555555555555516e-06
9 23 3.8888888888888945e-05
10 23 0.00097222222222222263
11 23 0.0015555555555555544
12 23 0.00054444444444444419
21 23 0.00011111111111111127
22 23 0.0027777777777777788
23 23 0.004444444444444441
24 23 0.0015555555555555548
33 23 6.9444444444444526e-05
34 23 0.0017361111111111112
35 23 0.0027777777777777757
36 23 0.00097222222222222198
45 23 2.7777777777777826e-06
46 23 6.9444444444444526e-05
47 23 0.00011111111111111104
48 23 3.8888888888888877e-05
10 24 7.7777777777777714e-05
11 24 0.0005444444444444444
12 24 0.00093333333333333256
22 24 0.00022222222222222193
23 24 0.0015555555555555553
24 24 0.0026666666666666635
34 24 0.0001388888888888887
35 24 0.00097222222222222187
36 24 0.001666666666666665
46 24 5.5555555555555516e-06
47 24 3.8888888888888877e-05
48 24 6.6666666666666629e-05
1 25 0.00013333333333333337
2 25 7.7777777777777768e-05
3 25 1.1111111111111113e-05
13 25 0.0016666666666666666
14 25 0.00097222222222222219
15 25 0.00013888888888888892
25 25 0.0043999999999999977
26 25 0.0025666666666666676
27 25 0.00036666666666666678
37 25 0.0017333333333333341
38 25 0.0010111111111111113
39 25 0.00014444444444444452
49 25 6.666666666666667e-05
50 25 3.8888888888888884e-05
51 25 5.5555555555555558e-06
1 26 7.7777777777777768e-05
2 26 0.00022222222222222223
3 26 0.00013888888888888886
4 26 5.5555555555555584e-06
13 26 0.00097222222222222219
14 26 0.002777777777777777
15 26 0.0017361111111111108
16 26 6.9444444444444471e-05
25 26 0.0025666666666666676
26 26 0.007333333333333341
27 26 0.0045833333333333325
28 26 0.00018333333333333339
37 26 0.0010111111111111113
38 26 0.0028888888888888896
39 26 0.0018055555555555563
40 26 7.2222222222222273e-05
49 26 3.8888888888888884e-05
50 26 0.0001111111111111111
51 26 6.9444444444444431e-05
52 26 2.7777777777777788e-06
1 27 1.1111111111111113e-05
2 27 0.00013888888888888886
3 27 0.00036666666666666683
4 27 0.00014444444444444444
5 27 5.5555555555555558e-06
13 27 0.00013888888888888892
14 27 0.0017361111111111108
15 27 0.0045833333333333325
16 27 0.0018055555555555555
17 27 6.9444444444444431e-05
25 27 0.00036666666666666683
26 27 0.0045833333333333325
27 27 0.012099999999999996
28 27 0.0047666666666666656
29 27 0.00018333333333333342
37 27 0.00014444444444444452
38 27 0.0018055555555555561
39 27 0.004766666666666669
40 27 0.0018777777777777786
41 27 7.2222222222222246e-05
49 27 5.5555555555555558e-06
50 27 6.9444444444444431e-05
51 27 0.00018333333333333342
52 27 7.2222222222222219e-05
53 27 2.7777777777777792e-06
2 28 5.5555555555555584e-06
3 28 0.00014444444444444444
4 28 0.00036666666666666705
5 28 0.00014444444444444446
6 28 5.5555555555555626e-06
14 28 6.9444444444444471e-05
15 28 0.0018055555555555555
16 28 0.0045833333333333342
17 28 0.0018055555555555557
18 28 6.9444444444444499e-05
26 28 0.00018333333333333339
27 28 0.0047666666666666664
28 28 0.012100000000000001
29 28 0.0047666666666666673
30 28 0.00018333333333333358
38 28 7.222222222222226e-05
39 28 0.0018777777777777786
40 28 0.0047666666666666699
41 28 0.001877777777777779
42 28 7.22222222222223e-05
50 28 2.7777777777777788e-06
51 28 7.2222222222222219e-05
52 28 0.00018333333333333344
53 28 7.2222222222222246e-05
54 28 2.7777777777777813e-06
3 29 5.5555555555555558e-06
4 29 0.00014444444444444446
5 29 0.00036666666666666689
6 29 0.00014444444444444441
7 29 5.5555555555555584e-06
15 29 6.9444444444444431e-05
16 29 0.0018055555555555557
17 29 0.0045833333333333308
18 29 0.0018055555555555553
19 29 6.9444444444444444e-05
27 29 0.00018333333333333342
28 29 0.0047666666666666673
29 29 0.012099999999999996
30 29 0.0047666666666666656
31 29 0.00018333333333333339
39 29 7.2222222222222246e-05
40 29 0.001877777777777779
41 29 0.0047666666666666673
42 29 0.0018777777777777781
43 29 7.2222222222222232e-05
51 29 2.7777777777777796e-06
52 29 7.2222222222222246e-05
53 29 0.00018333333333333342
54 29 7.2222222222222219e-05
55 29 2.7777777777777792e-06
4 30 5.5555555555555626e-06
5 30 0.00014444444444444441
6 30 0.000366666666666667
7 30 0.00014444444444444438
8 30 5.5555555555555499e-06
16 30 6.9444444444444499e-05
17 30 0.0018055555555555553
18 30 0.0045833333333333334
19 30 0.0018055555555555548
20 30 6.944444444444435e-05
28 30 0.00018333333333333358
29 30 0.0047666666666666664
30 30 0.012100000000000001
31 30 0.004766666666666663
32 30 0.00018333333333333312
40 30 7.2222222222222314e-05
41 30 0.0018777777777777783
42 30 0.004766666666666669
43 30 0.0018777777777777775
44 30 7.222222222222211e-05
52 30 2.7777777777777821e-06
53 30 7.2222222222222219e-05
54 30 0.00018333333333333342
55 30 7.2222222222222192e-05
56 30 2.7777777777777758e-06
5 31 5.5555555555555584e-06
6 31 0.00014444444444444438
7 31 0.00036666666666666667
8 31 0.00014444444444444463
9 31 5.5555555555555558e-06
17 31 6.9444444444444444e-05
18 31 0.0018055555555555548
19 31 0.0045833333333333299
20 31 0.0018055555555555572
21 31 6.9444444444444417e-05
29 31 0.00018333333333333339
30 31 0.004766666666666663
31 31 0.012099999999999991
32 31 0.004766666666666669
33 31 0.00018333333333333334
41 31 7.2222222222222219e-05
42 31 0.0018777777777777777
43 31 0.0047666666666666656
44 31 0.0018777777777777799
45 31 7.2222222222222205e-05
53 31 2.7777777777777792e-06
54 31 7.2222222222222205e-05
55 31 0.00018333333333333328
56 31 7.22222222222223e-05
57 31 2.7777777777777779e-06
6 32 5.5555555555555499e-06
7 32 0.00014444444444444463
8 32 0.000366666666666667
9 32 0.00014444444444444446
10 32 5.5555555555555584e-06
18 32 6.944444444444435e-05
19 32 0.0018055555555555572
20 32 0.0045833333333333334
21 32 0.0018055555555555546
22 32 6.9444444444444431e-05
30 32 0.00018333333333333312
31 32 0.004766666666666669
32 32 0.012100000000000003
33 32 0.0047666666666666656
34 32 0.00018333333333333342
42 32 7.222222222222211e-05
43 32 0.0018777777777777801
44 32 0.0047666666666666699
45 32 0.0018777777777777777
46 32 7.2222222222222232e-05
54 32 2.7777777777777758e-06
55 32 7.22222222222223e-05
56 32 0.00018333333333333353
57 32 7.2222222222222219e-05
58 32 2.7777777777777792e-06
7 33 5.5555555555555558e-06
8 33 0.00014444444444444446
9 33 0.00036666666666666662
10 33 0.00014444444444444449
11 33 5.5555555555555643e-06
19 33 6.9444444444444417e-05
20 33 0.0018055555555555546
21 33 0.0045833333333333282
22 33 0.0018055555555555559
23 33 6.9444444444444526e-05
31 33 0.00018333333333333334
32 33 0.0047666666666666656
33 33 0.012099999999999989
34 33 0.0047666666666666664
35 33 0.00018333333333333361
43 33 7.2222222222222205e-05
44 33 0.0018777777777777777
45 33 0.0047666666666666647
46 33 0.0018777777777777781
47 33 7.2222222222222314e-05
55 33 2.7777777777777779e-06
56 33 7.2222222222222219e-05
57 33 0.00018333333333333328
58 33 7.2222222222222246e-05
59 33 2.7777777777777821e-06
8 34 5.5555555555555584e-06
9 34 0.00014444444444444449
10 34 0.00036666666666666721
11 34 0.00013888888888888908
12 34 1.11111111111111e-05
20 34 6.9444444444444431e-05
21 34 0.0018055555555555559
22 34 0.0045833333333333351
23 34 0.0017361111111111114
24 34 0.0001388888888888887
32 34 0.00018333333333333342
33 34 0.0047666666666666664
34 34 0.01210000000000001
35 34 0.0045833333333333342
36 34 0.00036666666666666624
44 34 7.2222222222222232e-05
45 34 0.0018777777777777781
46 34 0.0047666666666666717
47 34 0.0018055555555555563
48 34 0.00014444444444444422
56 34 2.7777777777777792e-06
57 34 7.2222222222222246e-05
58 34 0.00018333333333333355
59 34 6.9444444444444526e-05
60 34 5.5555555555555516e-06
9 35 5.5555555555555643e-06
10 35 0.00013888888888888905
11 35 0.00022222222222222207
12 35 7.7777777777777741e-05
21 35 6.9444444444444526e-05
22 35 0.0017361111111111112
23 35 0.0027777777777777757
24 35 0.00097222222222222187
33 35 0.00018333333333333361
34 35 0.0045833333333333342
35 35 0.0073333333333333271
36 35 0.002566666666666665
45 35 7.2222222222222314e-05
46 35 0.0018055555555555566
47 35 0.0028888888888888866
48 35 0.0010111111111111106
57 35 2.7777777777777821e-06
58 35 6.9444444444444526e-05
59 35 0.00011111111111111102
60 35 3.888888888888887e-05
10 36 1.11111111111111e-05
11 36 7.7777777777777741e-05
12 36 0.00013333333333333323
22 36 0.0001388888888888887
23 36 0.00097222222222222187
24 36 0.001666666666666665
34 36 0.00036666666666666624
35 36 0.002566666666666665
36 36 0.0043999999999999942
46 36 0.00014444444444444422
47 36 0.0010111111111111106
48 36 0.0017333333333333322
58 36 5.5555555555555516e-06
59 36 3.888888888888887e-05
60 36 6.6666666666666616e-05
13 37 6.6666666666666711e-05
14 37 3.8888888888888898e-05
15 37 5.5555555555555575e-06
25 37 0.0017333333333333341
26 37 0.0010111111111111113
27 37 0.00014444444444444452
37 37 0.0044000000000000011
38 37 0.0025666666666666681
39 37 0.000366666666666667
49 37 0.0017333333333333341
50 37 0.0010111111111111113
51 37 0.00014444444444444455
61 37 6.6666666666666738e-05
62 37 3.8888888888888925e-05
63 37 5.5555555555555626e-06
13 38 3.8888888888888898e-05
14 38 0.00011111111111111114
15 38 6.9444444444444458e-05
16 38 2.7777777777777796e-06
25 38 0.0010111111111111113
26 38 0.0028888888888888892
27 38 0.0018055555555555563
28 38 7.2222222222222273e-05
37 38 0.0025666666666666685
38 38 0.0073333333333333436
39 38 0.0045833333333333342
40 38 0.00018333333333333353
49 38 0.0010111111111111113
50 38 0.0028888888888888892
51 38 0.0018055555555555561
52 38 7.2222222222222273e-05
61 38 3.8888888888888925e-05
62 38 0.0001111111111111112
63 38 6.9444444444444485e-05
64 38 2.7777777777777809e-06
13 39 5.5555555555555584e-06
14 39 6.9444444444444458e-05
15 39 0.00018333333333333344
16 39 7.222222222222226e-05
17 39 2.7777777777777796e-06
25 39 0.00014444444444444452
26 39 0.0018055555555555563
27 39 0.004766666666666669
28 39 0.0018777777777777786
29 39 7.2222222222222246e-05
37 39 0.000366666666666667
38 39 0.0045833333333333342
39 39 0.0121
40 39 0.004766666666666669
41 39 0.00018333333333333347
49 39 0.00014444444444444455
50 39 0.0018055555555555561
51 39 0.0047666666666666682
52 39 0.0018777777777777788
53 39 7.222222222222226e-05
61 39 5.5555555555555626e-06
62 39 6.9444444444444499e-05
63 39 0.00018333333333333358
64 39 7.2222222222222314e-05
65 39 2.7777777777777817e-06
14 40 2.7777777777777796e-06
15 40 7.222222222222226e-05
16 40 0.00018333333333333353
17 40 7.222222222222226e-05
18 40 2.7777777777777817e-06
26 40 7.2222222222222273e-05
27 40 0.0018777777777777786
28 40 0.004766666666666669
29 40 0.001877777777777779
30 40 7.2222222222222314e-05
38 40 0.00018333333333333353
39 40 0.004766666666666669
40 40 0.012100000000000005
41 40 0.0047666666666666699
42 40 0.00018333333333333366
50 40 7.2222222222222273e-05
51 40 0.001877777777777779
52 40 0.0047666666666666699
53 40 0.001877777777777779
54 40 7.2222222222222314e-05
62 40 2.7777777777777813e-06
63 40 7.22222222222223e-05
64 40 0.00018333333333333366
65 40 7.2222222222222314e-05
66 40 2.7777777777777843e-06
15 41 2.7777777777777796e-06
16 41 7.222222222222226e-05
17 41 0.00018333333333333342
18 41 7.2222222222222246e-05
19 41 2.7777777777777796e-06
27 41 7.2222222222222246e-05
28 41 0.001877777777777779
29 41 0.0047666666666666673
30 41 0.0018777777777777781
31 41 7.2222222222222232e-05
39 41 0.00018333333333333347
40 41 0.004766666666666669
41 41 0.012100000000000003
42 41 0.0047666666666666682
43 41 0.00018333333333333342
51 41 7.222222222222226e-05
52 41 0.001877777777777779
53 41 0.0047666666666666682
54 41 0.0018777777777777779
55 41 7.2222222222222246e-05
63 41 2.7777777777777817e-06
64 41 7.22222222222223e-05
65 41 0.00018333333333333358
66 41 7.2222222222222287e-05
67 41 2.7777777777777817e-06
16 42 2.7777777777777813e-06
17 42 7.2222222222222246e-05
18 42 0.00018333333333333347
19 42 7.2222222222222219e-05
20 42 2.7777777777777758e-06
28 42 7.2222222222222314e-05
29 42 0.0018777777777777783
30 42 0.004766666666666669
31 42 0.0018777777777777775
32 42 7.222222222222211e-05
40 42 0.00018333333333333366
41 42 0.0047666666666666682
42 42 0.012100000000000005
43 42 0.0047666666666666673
44 42 0.0001833333333333332
52 42 7.2222222222222314e-05
53 42 0.0018777777777777779
54 42 0.0047666666666666682
55 42 0.0018777777777777773
56 42 7.2222222222222138e-05
64 42 2.7777777777777843e-06
65 42 7.22222222222223e-05
66 42 0.00018333333333333361
67 42 7.222222222222226e-05
68 42 2.7777777777777783e-06
17 43 2.7777777777777796e-06
18 43 7.2222222222222219e-05
19 43 0.00018333333333333336
20 43 7.2222222222222341e-05
21 43 2.7777777777777783e-06
29 43 7.2222222222222232e-05
30 43 0.0018777777777777775
31 43 0.0047666666666666656
32 43 0.0018777777777777799
33 43 7.2222222222222219e-05
41 43 0.00018333333333333342
42 43 0.0047666666666666673
43 43 0.012099999999999996
44 43 0.0047666666666666708
45 43 0.00018333333333333339
53 43 7.2222222222222246e-05
54 43 0.0018777777777777773
55 43 0.0047666666666666664
56 43 0.0018777777777777799
57 43 7.2222222222222205e-05
65 43 2.7777777777777817e-06
66 43 7.222222222222226e-05
67 43 0.0001833333333333335
68 43 7.2222222222222382e-05
69 43 2.7777777777777809e-06
18 44 2.7777777777777754e-06
19 44 7.2222222222222341e-05
20 44 0.00018333333333333355
21 44 7.2222222222222246e-05
22 44 2.7777777777777792e-06
30 44 7.222222222222211e-05
31 44 0.0018777777777777799
32 44 0.004766666666666669
33 44 0.0018777777777777777
34 44 7.2222222222222219e-05
42 44 0.0001833333333333332
43 44 0.0047666666666666717
44 44 0.01210000000000001
45 44 0.0047666666666666664
46 44 0.00018333333333333347
54 44 7.2222222222222138e-05
55 44 0.0018777777777777799
56 44 0.0047666666666666699
57 44 0.0018777777777777779
58 44 7.2222222222222246e-05
66 44 2.7777777777777783e-06
67 44 7.2222222222222382e-05
68 44 0.00018333333333333374
69 44 7.2222222222222273e-05
70 44 2.7777777777777817e-06
19 45 2.7777777777777783e-06
20 45 7.2222222222222246e-05
21 45 0.00018333333333333334
22 45 7.2222222222222273e-05
23 45 2.7777777777777826e-06
31 45 7.2222222222222219e-05
32 45 0.0018777777777777777
33 45 0.0047666666666666647
34 45 0.0018777777777777783
35 45 7.2222222222222314e-05
43 45 0.00018333333333333339
44 45 0.0047666666666666664
45 45 0.012099999999999998
46 45 0.0047666666666666682
47 45 0.00018333333333333363
55 45 7.2222222222222192e-05
56 45 0.0018777777777777783
57 45 0.0047666666666666664
58 45 0.0018777777777777786
59 45 7.2222222222222314e-05
67 45 2.7777777777777809e-06
68 45 7.2222222222222273e-05
69 45 0.00018333333333333347
70 45 7.2222222222222327e-05
71 45 2.7777777777777851e-06
20 46 2.7777777777777792e-06
21 46 7.222222222222226e-05
22 46 0.00018333333333333358
23 46 6.9444444444444526e-05
24 46 5.5555555555555516e-06
32 46 7.2222222222222232e-05
33 46 0.0018777777777777781
34 46 0.0047666666666666717
35 46 0.0018055555555555561
36 46 0.00014444444444444422
44 46 0.00018333333333333347
45 46 0.0047666666666666682
46 46 0.01210000000000001
47 46 0.0045833333333333368
48 46 0.0003666666666666664
56 46 7.2222222222222246e-05
57 46 0.0018777777777777786
58 46 0.0047666666666666717
59 46 0.0018055555555555563
60 46 0.00014444444444444428
68 46 2.7777777777777817e-06
69 46 7.2222222222222314e-05
70 46 0.00018333333333333374
71 46 6.9444444444444593e-05
72 46 5.5555555555555567e-06
21 47 2.7777777777777826e-06
22 47 6.9444444444444526e-05
23 47 0.00011111111111111106
24 47 3.8888888888888877e-05
33 47 7.2222222222222314e-05
34 47 0.0018055555555555561
35 47 0.002888888888888887
36 47 0.0010111111111111106
45 47 0.00018333333333333363
46 47 0.0045833333333333368
47 47 0.0073333333333333315
48 47 0.0025666666666666672
57 47 7.2222222222222314e-05
58 47 0.0018055555555555568
59 47 0.002888888888888887
60 47 0.0010111111111111106
69 47 2.7777777777777851e-06
70 47 6.9444444444444607e-05
71 47 0.00011111111111111116
72 47 3.8888888888888918e-05
22 48 5.5555555555555507e-06
23 48 3.8888888888888877e-05
24 48 6.6666666666666629e-05
34 48 0.00014444444444444422
35 48 0.0010111111111111106
36 48 0.001733333333333332
46 48 0.0003666666666666664
47 48 0.0025666666666666672
48 48 0.0043999999999999968
58 48 0.00014444444444444428
59 48 0.0010111111111111106
60 48 0.0017333333333333324
70 48 5.5555555555555567e-06
71 48 3.8888888888888918e-05
72 48 6.6666666666666697e-05
25 49 6.666666666666667e-05
26 49 3.8888888888888884e-05
27 49 5.5555555555555558e-06
37 49 0.0017333333333333341
38 49 0.0010111111111111113
39 49 0.00014444444444444455
49 49 0.0043999999999999985
50 49 0.0025666666666666667
51 49 0.00036666666666666678
61 49 0.0017333333333333337
62 49 0.0010111111111111111
63 49 0.00014444444444444449
73 49 6.666666666666667e-05
74 49 3.8888888888888891e-05
75 49 5.5555555555555558e-06
25 50 3.8888888888888884e-05
26 50 0.0001111111111111111
27 50 6.9444444444444431e-05
28 50 2.7777777777777788e-06
37 50 0.0010111111111111113
38 50 0.0028888888888888896
39 50 0.0018055555555555557
40 50 7.2222222222222287e-05
49 50 0.0025666666666666667
50 50 0.0073333333333333384
51 50 0.0045833333333333316
52 50 0.00018333333333333339
61 50 0.0010111111111111111
62 50 0.0028888888888888888
63 50 0.0018055555555555555
64 50 7.222222222222226e-05
73 50 3.8888888888888891e-05
74 50 0.0001111111111111111
75 50 6.9444444444444431e-05
76 50 2.7777777777777788e-06
25 51 5.5555555555555558e-06
26 51 6.9444444444444431e-05
27 51 0.00018333333333333339
28 51 7.2222222222222219e-05
29 51 2.7777777777777796e-06
37 51 0.00014444444444444455
38 51 0.0018055555555555561
39 51 0.0047666666666666682
40 51 0.0018777777777777788
41 51 7.2222222222222273e-05
49 51 0.00036666666666666667
50 51 0.0045833333333333316
51 51 0.012099999999999998
52 51 0.0047666666666666673
53 51 0.00018333333333333339
61 51 0.00014444444444444452
62 51 0.0018055555555555555
63 51 0.0047666666666666673
64 51 0.0018777777777777781
65 51 7.2222222222222246e-05
73 51 5.5555555555555575e-06
74 51 6.9444444444444417e-05
75 51 0.00018333333333333342
76 51 7.2222222222222219e-05
77 51 2.7777777777777792e-06
26 52 2.7777777777777788e-06
27 52 7.2222222222222219e-05
28 52 0.00018333333333333344
29 52 7.2222222222222246e-05
30 52 2.7777777777777821e-06
38 52 7.2222222222222287e-05
39 52 0.0018777777777777788
40 52 0.0047666666666666699
41 52 0.001877777777777779
42 52 7.2222222222222314e-05
50 52 0.00018333333333333339
51 52 0.0047666666666666673
52 52 0.012100000000000005
53 52 0.0047666666666666664
54 52 0.00018333333333333355
62 52 7.222222222222226e-05
63 52 0.0018777777777777781
64 52 0.0047666666666666682
65 52 0.0018777777777777786
66 52 7.22222222222223e-05
74 52 2.7777777777777788e-06
75 52 7.2222222222222219e-05
76 52 0.00018333333333333347
77 52 7.2222222222222232e-05
78 52 2.7777777777777821e-06
27 53 2.7777777777777796e-06
28 53 7.2222222222222246e-05
29 53 0.00018333333333333342
30 53 7.2222222222222219e-05
31 53 2.7777777777777792e-06
39 53 7.222222222222226e-05
40 53 0.001877777777777779
41 53 0.0047666666666666682
42 53 0.0018777777777777783
43 53 7.2222222222222246e-05
51 53 0.00018333333333333339
52 53 0.0047666666666666664
53 53 0.0121
54 53 0.0047666666666666664
55 53 0.00018333333333333339
63 53 7.2222222222222246e-05
64 53 0.001877777777777779
65 53 0.0047666666666666682
66 53 0.0018777777777777779
67 53 7.2222222222222219e-05
75 53 2.7777777777777792e-06
76 53 7.2222222222222232e-05
77 53 0.00018333333333333342
78 53 7.2222222222222232e-05
79 53 2.7777777777777792e-06
28 54 2.7777777777777821e-06
29 54 7.2222222222222219e-05
30 54 0.00018333333333333342
31 54 7.2222222222222178e-05
32 54 2.7777777777777754e-06
40 54 7.2222222222222314e-05
41 54 0.0018777777777777779
42 54 0.0047666666666666682
43 54 0.001877777777777777
44 54 7.2222222222222138e-05
52 54 0.00018333333333333355
53 54 0.0047666666666666664
54 54 0.012100000000000001
55 54 0.004766666666666663
56 54 0.00018333333333333312
64 54 7.22222222222223e-05
65 54 0.0018777777777777779
66 54 0.0047666666666666682
67 54 0.0018777777777777773
68 54 7.222222222222211e-05
76 54 2.7777777777777821e-06
77 54 7.2222222222222205e-05
78 54 0.00018333333333333342
79 54 7.2222222222222178e-05
80 54 2.7777777777777758e-06
29 55 2.7777777777777792e-06
30 55 7.2222222222222178e-05
31 55 0.00018333333333333328
32 55 7.2222222222222287e-05
33 55 2.7777777777777779e-06
41 55 7.2222222222222246e-05
42 55 0.0018777777777777775
43 55 0.0047666666666666656
44 55 0.0018777777777777799
45 55 7.2222222222222205e-05
53 55 0.00018333333333333339
54 55 0.004766666666666663
55 55 0.012099999999999994
56 55 0.004766666666666669
57 55 0.00018333333333333331
65 55 7.2222222222222219e-05
66 55 0.0018777777777777775
67 55 0.0047666666666666647
68 55 0.0018777777777777794
69 55 7.2222222222222192e-05
77 55 2.7777777777777792e-06
78 55 7.2222222222222178e-05
79 55 0.00018333333333333331
80 55 7.2222222222222287e-05
81 55 2.7777777777777783e-06
30 56 2.7777777777777758e-06
31 56 7.2222222222222287e-05
32 56 0.00018333333333333353
33 56 7.2222222222222219e-05
34 56 2.7777777777777792e-06
42 56 7.2222222222222138e-05
43 56 0.0018777777777777799
44 56 0.0047666666666666699
45 56 0.0018777777777777783
46 56 7.2222222222222232e-05
54 56 0.00018333333333333312
55 56 0.004766666666666669
56 56 0.012100000000000005
57 56 0.0047666666666666647
58 56 0.00018333333333333339
66 56 7.222222222222211e-05
67 56 0.0018777777777777796
68 56 0.0047666666666666699
69 56 0.0018777777777777775
70 56 7.2222222222222205e-05
78 56 2.7777777777777758e-06
79 56 7.2222222222222287e-05
80 56 0.00018333333333333355
81 56 7.2222222222222219e-05
82 56 2.7777777777777792e-06
31 57 2.7777777777777779e-06
32 57 7.2222222222222232e-05
33 57 0.00018333333333333328
34 57 7.2222222222222246e-05
35 57 2.7777777777777821e-06
43 57 7.2222222222222205e-05
44 57 0.0018777777777777783
45 57 0.0047666666666666664
46 57 0.0018777777777777786
47 57 7.2222222222222314e-05
55 57 0.00018333333333333328
56 57 0.0047666666666666647
57 57 0.012099999999999993
58 57 0.0047666666666666673
59 57 0.00018333333333333355
67 57 7.2222222222222192e-05
68 57 0.0018777777777777775
69 57 0.0047666666666666647
70 57 0.0018777777777777783
71 57 7.22222222222223e-05
79 57 2.7777777777777783e-06
80 57 7.2222222222222219e-05
81 57 0.00018333333333333331
82 57 7.2222222222222246e-05
83 57 2.7777777777777821e-06
32 58 2.7777777777777792e-06
33 58 7.2222222222222246e-05
34 58 0.00018333333333333353
35 58 6.9444444444444526e-05
36 58 5.5555555555555507e-06
44 58 7.2222222222222232e-05
45 58 0.0018777777777777786
46 58 0.0047666666666666717
47 58 0.0018055555555555566
48 58 0.00014444444444444428
56 58 0.00018333333333333339
57 58 0.0047666666666666673
58 58 0.012100000000000008
59 58 0.0045833333333333351
60 58 0.00036666666666666624
68 58 7.2222222222222205e-05
69 58 0.0018777777777777783
70 58 0.0047666666666666708
71 58 0.0018055555555555561
72 58 0.00014444444444444422
80 58 2.7777777777777792e-06
81 58 7.2222222222222246e-05
82 58 0.0001833333333333335
83 58 6.9444444444444526e-05
84 58 5.5555555555555516e-06
33 59 2.7777777777777821e-06
34 59 6.9444444444444526e-05
35 59 0.00011111111111111102
36 59 3.888888888888887e-05
45 59 7.2222222222222327e-05
46 59 0.0018055555555555563
47 59 0.002888888888888887
48 59 0.0010111111111111106
57 59 0.00018333333333333355
58 59 0.0045833333333333351
59 59 0.007333333333333328
60 59 0.0025666666666666659
69 59 7.22222222222223e-05
70 59 0.0018055555555555561
71 59 0.0028888888888888862
72 59 0.0010111111111111104
81 59 2.7777777777777826e-06
82 59 6.9444444444444526e-05
83 59 0.00011111111111111102
84 59 3.888888888888887e-05
34 60 5.5555555555555516e-06
35 60 3.888888888888887e-05
36 60 6.6666666666666616e-05
46 60 0.00014444444444444428
47 60 0.0010111111111111106
48 60 0.001733333333333332
58 60 0.00036666666666666624
59 60 0.0025666666666666659
60 60 0.0043999999999999942
70 60 0.00014444444444444422
71 60 0.0010111111111111106
72 60 0.0017333333333333315
82 60 5.5555555555555516e-06
83 60 3.888888888888887e-05
84 60 6.6666666666666616e-05
37 61 6.6666666666666738e-05
38 61 3.8888888888888925e-05
39 61 5.5555555555555626e-06
49 61 0.0017333333333333337
50 61 0.0010111111111111111
51 61 0.00014444444444444449
61 61 0.0043999999999999994
62 61 0.0025666666666666681
63 61 0.00036666666666666689
73 61 0.0017333333333333326
74 61 0.0010111111111111106
75 61 0.00014444444444444444
85 61 6.6666666666666589e-05
86 61 3.8888888888888843e-05
87 61 5.5555555555555499e-06
37 62 3.8888888888888925e-05
38 62 0.0001111111111111112
39 62 6.9444444444444485e-05
40 62 2.7777777777777809e-06
49 62 0.0010111111111111111
50 62 0.0028888888888888888
51 62 0.0018055555555555555
52 62 7.222222222222226e-05
61 62 0.0025666666666666681
62 62 0.0073333333333333427
63 62 0.0045833333333333334
64 62 0.00018333333333333347
73 62 0.0010111111111111106
74 62 0.0028888888888888879
75 62 0.0018055555555555553
76 62 7.2222222222222246e-05
85 62 3.8888888888888843e-05
86 62 0.00011111111111111097
87 62 6.9444444444444336e-05
88 62 2.7777777777777754e-06
37 63 5.5555555555555626e-06
38 63 6.9444444444444485e-05
39 63 0.00018333333333333358
40 63 7.22222222222223e-05
41 63 2.7777777777777821e-06
49 63 0.00014444444444444449
50 63 0.0018055555555555555
51 63 0.0047666666666666682
52 63 0.0018777777777777781
53 63 7.2222222222222232e-05
61 63 0.00036666666666666689
62 63 0.0045833333333333334
63 63 0.0121
64 63 0.004766666666666669
65 63 0.00018333333333333344
73 63 0.00014444444444444444
74 63 0.0018055555555555553
75 63 0.0047666666666666647
76 63 0.0018777777777777773
77 63 7.2222222222222205e-05
85 63 5.555555555555549e-06
86 63 6.9444444444444336e-05
87 63 0.0001833333333333332
88 63 7.2222222222222097e-05
89 63 2.7777777777777758e-06
38 64 2.7777777777777809e-06
39 64 7.2222222222222314e-05
40 64 0.00018333333333333366
41 64 7.22222222222223e-05
42 64 2.7777777777777843e-06
50 64 7.222222222222226e-05
51 64 0.0018777777777777783
52 64 0.004766666666666669
53 64 0.0018777777777777786
54 64 7.2222222222222287e-05
62 64 0.00018333333333333347
63 64 0.004766666666666669
64 64 0.012100000000000005
65 64 0.0047666666666666682
66 64 0.00018333333333333358
74 64 7.2222222222222246e-05
75 64 0.0018777777777777773
76 64 0.0047666666666666682
77 64 0.0018777777777777775
78 64 7.2222222222222287e-05
86 64 2.7777777777777754e-06
87 64 7.2222222222222097e-05
88 64 0.0001833333333333332
89 64 7.222222222222211e-05
90 64 2.7777777777777783e-06
39 65 2.7777777777777821e-06
40 65 7.22222222222223e-05
41 65 0.00018333333333333358
42 65 7.22222222222223e-05
43 65 2.7777777777777817e-06
51 65 7.2222222222222219e-05
52 65 0.0018777777777777786
53 65 0.0047666666666666673
54 65 0.0018777777777777779
55 65 7.2222222222222219e-05
63 65 0.00018333333333333344
64 65 0.0047666666666666673
65 65 0.012100000000000001
66 65 0.0047666666666666673
67 65 0.00018333333333333339
75 65 7.2222222222222205e-05
76 65 0.0018777777777777777
77 65 0.0047666666666666656
78 65 0.0018777777777777773
79 65 7.2222222222222192e-05
87 65 2.7777777777777758e-06
88 65 7.222222222222211e-05
89 65 0.00018333333333333315
90 65 7.2222222222222124e-05
91 65 2.7777777777777754e-06
40 66 2.7777777777777847e-06
41 66 7.22222222222223e-05
42 66 0.00018333333333333363
43 66 7.222222222222226e-05
44 66 2.7777777777777783e-06
52 66 7.2222222222222287e-05
53 66 0.0018777777777777779
54 66 0.004766666666666669
55 66 0.001877777777777777
56 66 7.222222222222211e-05
64 66 0.00018333333333333358
65 66 0.0047666666666666673
66 66 0.012100000000000001
67 66 0.0047666666666666656
68 66 0.00018333333333333315
76 66 7.2222222222222287e-05
77 66 0.0018777777777777773
78 66 0.0047666666666666664
79 66 0.0018777777777777757
80 66 7.222222222222207e-05
88 66 2.7777777777777783e-06
89 66 7.2222222222222124e-05
90 66 0.00018333333333333315
91 66 7.2222222222222097e-05
92 66 2.777777777777772e-06
41 67 2.7777777777777817e-06
42 67 7.222222222222226e-05
43 67 0.00018333333333333353
44 67 7.2222222222222382e-05
45 67 2.7777777777777809e-06
53 67 7.2222222222222232e-05
54 67 0.001877777777777777
55 67 0.0047666666666666647
56 67 0.0018777777777777796
57 67 7.2222222222222192e-05
65 67 0.00018333333333333342
66 67 0.0047666666666666664
67 67 0.012099999999999996
68 67 0.0047666666666666699
69 67 0.00018333333333333334
77 67 7.2222222222222178e-05
78 67 0.0018777777777777757
79 67 0.0047666666666666638
80 67 0.0018777777777777786
81 67 7.2222222222222165e-05
89 67 2.7777777777777754e-06
90 67 7.2222222222222097e-05
91 67 0.00018333333333333304
92 67 7.2222222222222151e-05
93 67 2.7777777777777745e-06
42 68 2.7777777777777783e-06
43 68 7.2222222222222382e-05
44 68 0.00018333333333333374
45 68 7.22222222222223e-05
46 68 2.7777777777777817e-06
54 68 7.222222222222211e-05
55 68 0.0018777777777777796
56 68 0.0047666666666666699
57 68 0.0018777777777777775
58 68 7.2222222222222219e-05
66 68 0.00018333333333333315
67 68 0.0047666666666666699
68 68 0.012100000000000007
69 68 0.0047666666666666656
70 68 0.00018333333333333344
78 68 7.222222222222207e-05
79 68 0.0018777777777777786
80 68 0.0047666666666666682
81 68 0.0018777777777777768
82 68 7.2222222222222205e-05
90 68 2.777777777777772e-06
91 68 7.2222222222222151e-05
92 68 0.00018333333333333323
93 68 7.2222222222222097e-05
94 68 2.7777777777777762e-06
43 69 2.7777777777777809e-06
44 69 7.2222222222222273e-05
45 69 0.00018333333333333344
46 69 7.2222222222222314e-05
47 69 2.7777777777777855e-06
55 69 7.2222222222222192e-05
56 69 0.0018777777777777775
57 69 0.0047666666666666647
58 69 0.0018777777777777783
59 69 7.2222222222222314e-05
67 69 0.00018333333333333334
68 69 0.0047666666666666656
69 69 0.012099999999999996
70 69 0.0047666666666666673
71 69 0.00018333333333333361
79 69 7.2222222222222165e-05
80 69 0.0018777777777777768
81 69 0.004766666666666663
82 69 0.0018777777777777775
83 69 7.2222222222222287e-05
91 69 2.7777777777777745e-06
92 69 7.222222222222211e-05
93 69 0.00018333333333333304
94 69 7.2222222222222138e-05
95 69 2.7777777777777788e-06
44 70 2.7777777777777817e-06
45 70 7.2222222222222327e-05
46 70 0.00018333333333333369
47 70 6.9444444444444607e-05
48 70 5.5555555555555567e-06
56 70 7.2222222222222219e-05
57 70 0.0018777777777777786
58 70 0.0047666666666666717
59 70 0.0018055555555555561
60 70 0.00014444444444444422
68 70 0.00018333333333333344
69 70 0.0047666666666666682
70 70 0.01210000000000001
71 70 0.004583333333333336
72 70 0.00036666666666666629
80 70 7.2222222222222205e-05
81 70 0.0018777777777777773
82 70 0.0047666666666666708
83 70 0.0018055555555555546
84 70 0.00014444444444444414
92 70 2.7777777777777762e-06
93 70 7.2222222222222138e-05
94 70 0.00018333333333333325
95 70 6.9444444444444417e-05
96 70 5.555555555555544e-06
45 71 2.7777777777777851e-06
46 71 6.9444444444444593e-05
47 71 0.00011111111111111114
48 71 3.8888888888888918e-05
57 71 7.22222222222223e-05
58 71 0.0018055555555555561
59 71 0.0028888888888888862
60 71 0.0010111111111111104
69 71 0.00018333333333333361
70 71 0.004583333333333336
71 71 0.0073333333333333315
72 71 0.0025666666666666676
81 71 7.2222222222222287e-05
82 71 0.001805555555555555
83 71 0.0028888888888888857
84 71 0.0010111111111111102
93 71 2.7777777777777788e-06
94 71 6.9444444444444417e-05
95 71 0.00011111111111111093
96 71 3.8888888888888823e-05
46 72 5.5555555555555567e-06
47 72 3.8888888888888918e-05
48 72 6.6666666666666697e-05
58 72 0.00014444444444444422
59 72 0.0010111111111111104
60 72 0.0017333333333333317
70 72 0.00036666666666666629
71 72 0.0025666666666666672
72 72 0.0043999999999999942
82 72 0.00014444444444444414
83 72 0.0010111111111111102
84 72 0.0017333333333333313
94 72 5.555555555555544e-06
95 72 3.8888888888888816e-05
96 72 6.6666666666666534e-05
49 73 6.666666666666667e-05
50 73 3.8888888888888891e-05
51 73 5.5555555555555575e-06
61 73 0.0017333333333333326
62 73 0.0010111111111111108
63 73 0.00014444444444444444
73 73 0.0043999999999999968
74 73 0.0025666666666666672
75 73 0.00036666666666666656
85 73 0.0017333333333333348
86 73 0.0010111111111111119
87 73 0.00014444444444444463
97 73 6.6666666666666643e-05
98 73 3.8888888888888877e-05
99 73 5.5555555555555541e-06
49 74 3.8888888888888891e-05
50 74 0.0001111111111111111
51 74 6.9444444444444431e-05
52 74 2.7777777777777788e-06
61 74 0.0010111111111111108
62 74 0.0028888888888888879
63 74 0.001805555555555555
64 74 7.2222222222222246e-05
73 74 0.0025666666666666672
74 74 0.0073333333333333349
75 74 0.0045833333333333308
76 74 0.00018333333333333334
85 74 0.0010111111111111119
86 74 0.0028888888888888909
87 74 0.0018055555555555572
88 74 7.2222222222222354e-05
97 74 3.8888888888888877e-05
98 74 0.00011111111111111108
99 74 6.944444444444439e-05
100 74 2.7777777777777779e-06
49 75 5.5555555555555575e-06
50 75 6.9444444444444431e-05
51 75 0.00018333333333333339
52 75 7.2222222222222232e-05
53 75 2.7777777777777792e-06
61 75 0.00014444444444444444
62 75 0.001805555555555555
63 75 0.0047666666666666656
64 75 0.0018777777777777773
65 75 7.2222222222222192e-05
73 75 0.00036666666666666656
74 75 0.0045833333333333299
75 75 0.012099999999999993
76 75 0.0047666666666666656
77 75 0.00018333333333333328
85 75 0.00014444444444444463
86 75 0.0018055555555555572
87 75 0.0047666666666666708
88 75 0.0018777777777777801
89 75 7.22222222222223e-05
97 75 5.5555555555555541e-06
98 75 6.944444444444439e-05
99 75 0.00018333333333333331
100 75 7.2222222222222205e-05
101 75 2.7777777777777779e-06
50 76 2.7777777777777788e-06
51 76 7.2222222222222219e-05
52 76 0.00018333333333333342
53 76 7.2222222222222232e-05
54 76 2.7777777777777821e-06
62 76 7.2222222222222246e-05
63 76 0.0018777777777777773
64 76 0.0047666666666666673
65 76 0.0018777777777777777
66 76 7.2222222222222287e-05
74 76 0.00018333333333333334
75 76 0.0047666666666666656
76 76 0.0121
77 76 0.0047666666666666647
78 76 0.00018333333333333353
86 76 7.2222222222222354e-05
87 76 0.0018777777777777801
88 76 0.0047666666666666717
89 76 0.0018777777777777792
90 76 7.2222222222222368e-05
98 76 2.7777777777777779e-06
99 76 7.2222222222222192e-05
100 76 0.00018333333333333339
101 76 7.2222222222222205e-05
102 76 2.7777777777777809e-06
51 77 2.7777777777777792e-06
52 77 7.2222222222222232e-05
53 77 0.00018333333333333339
54 77 7.2222222222222219e-05
55 77 2.7777777777777792e-06
63 77 7.2222222222222192e-05
64 77 0.0018777777777777777
65 77 0.0047666666666666656
66 77 0.0018777777777777773
67 77 7.2222222222222192e-05
75 77 0.00018333333333333328
76 77 0.0047666666666666647
77 77 0.012099999999999994
78 77 0.0047666666666666638
79 77 0.00018333333333333331
87 77 7.22222222222223e-05
88 77 0.0018777777777777794
89 77 0.0047666666666666699
90 77 0.0018777777777777794
91 77 7.2222222222222287e-05
99 77 2.7777777777777779e-06
100 77 7.2222222222222205e-05
101 77 0.00018333333333333325
102 77 7.2222222222222178e-05
103 77 2.7777777777777783e-06
52 78 2.7777777777777821e-06
53 78 7.2222222222222219e-05
54 78 0.00018333333333333342
55 78 7.2222222222222178e-05
56 78 2.7777777777777758e-06
64 78 7.2222222222222287e-05
65 78 0.0018777777777777773
66 78 0.0047666666666666673
67 78 0.0018777777777777757
68 78 7.222222222222207e-05
76 78 0.00018333333333333353
77 78 0.0047666666666666638
78 78 0.012099999999999996
79 78 0.0047666666666666621
80 78 0.00018333333333333304
88 78 7.2222222222222368e-05
89 78 0.0018777777777777801
90 78 0.0047666666666666708
91 78 0.0018777777777777781
92 78 7.2222222222222165e-05
100 78 2.7777777777777809e-06
101 78 7.2222222222222178e-05
102 78 0.00018333333333333334
103 78 7.2222222222222165e-05
104 78 2.7777777777777741e-06
53 79 2.7777777777777792e-06
54 79 7.2222222222222178e-05
55 79 0.00018333333333333328
56 79 7.2222222222222287e-05
57 79 2.7777777777777783e-06
65 79 7.2222222222222192e-05
66 79 0.0018777777777777757
67 79 0.0047666666666666638
68 79 0.0018777777777777783
69 79 7.2222222222222165e-05
77 79 0.00018333333333333331
78 79 0.0047666666666666621
79 79 0.012099999999999991
80 79 0.0047666666666666673
81 79 0.0001833333333333332
89 79 7.2222222222222287e-05
90 79 0.0018777777777777781
91 79 0.0047666666666666682
92 79 0.0018777777777777809
93 79 7.222222222222226e-05
101 79 2.7777777777777783e-06
102 79 7.2222222222222165e-05
103 79 0.0001833333333333332
104 79 7.2222222222222232e-05
105 79 2.7777777777777771e-06
54 80 2.7777777777777758e-06
55 80 7.2222222222222287e-05
56 80 0.00018333333333333355
57 80 7.2222222222222219e-05
58 80 2.7777777777777792e-06
66 80 7.222222222222207e-05
67 80 0.0018777777777777783
68 80 0.004766666666666669
69 80 0.0018777777777777768
70 80 7.2222222222222205e-05
78 80 0.00018333333333333304
79 80 0.0047666666666666673
80 80 0.0121
81 80 0.0047666666666666638
82 80 0.00018333333333333336
90 80 7.2222222222222165e-05
91 80 0.0018777777777777809
92 80 0.0047666666666666725
93 80 0.001877777777777779
94 80 7.2222222222222314e-05
102 80 2.7777777777777745e-06
103 80 7.2222222222222232e-05
104 80 0.00018333333333333344
105 80 7.2222222222222192e-05
106 80 2.7777777777777779e-06
55 81 2.7777777777777783e-06
56 81 7.2222222222222219e-05
57 81 0.00018333333333333331
58 81 7.2222222222222246e-05
59 81 2.7777777777777826e-06
67 81 7.2222222222222165e-05
68 81 0.0018777777777777768
69 81 0.004766666666666663
70 81 0.0018777777777777773
71 81 7.2222222222222287e-05
79 81 0.0001833333333333332
80 81 0.0047666666666666638
81 81 0.012099999999999988
82 81 0.0047666666666666647
83 81 0.00018333333333333347
91 81 7.222222222222226e-05
92 81 0.001877777777777779
93 81 0.0047666666666666682
94 81 0.0018777777777777801
95 81 7.2222222222222368e-05
103 81 2.7777777777777771e-06
104 81 7.2222222222222192e-05
105 81 0.0001833333333333332
106 81 7.2222222222222205e-05
107 81 2.7777777777777809e-06
56 82 2.7777777777777792e-06
57 82 7.2222222222222246e-05
58 82 0.00018333333333333353
59 82 6.9444444444444526e-05
60 82 5.5555555555555516e-06
68 82 7.2222222222222205e-05
69 82 0.0018777777777777775
70 82 0.0047666666666666708
71 82 0.0018055555555555548
72 82 0.00014444444444444414
80 82 0.00018333333333333336
81 82 0.0047666666666666656
82 82 0.012100000000000005
83 82 0.0045833333333333316
84 82 0.00036666666666666607
92 82 7.2222222222222314e-05
93 82 0.0018777777777777801
94 82 0.0047666666666666751
95 82 0.0018055555555555572
96 82 0.00014444444444444433
104 82 2.7777777777777779e-06
105 82 7.2222222222222205e-05
106 82 0.00018333333333333344
107 82 6.9444444444444499e-05
108 82 5.5555555555555482e-06
57 83 2.7777777777777826e-06
58 83 6.9444444444444526e-05
59 83 0.00011111111111111102
60 83 3.888888888888887e-05
69 83 7.2222222222222287e-05
70 83 0.001805555555555555
71 83 0.0028888888888888857
72 83 0.00101111111111111
81 83 0.00018333333333333347
82 83 0.0045833333333333316
83 83 0.0073333333333333271
84 83 0.0025666666666666659
93 83 7.2222222222222368e-05
94 83 0.0018055555555555572
95 83 0.0028888888888888879
96 83 0.0010111111111111111
105 83 2.7777777777777809e-06
106 83 6.9444444444444499e-05
107 83 0.00011111111111111098
108 83 3.8888888888888864e-05
58 84 5.5555555555555516e-06
59 84 3.888888888888887e-05
60 84 6.6666666666666616e-05
70 84 0.00014444444444444414
71 84 0.00101111111111111
72 84 0.0017333333333333315
82 84 0.00036666666666666607
83 84 0.0025666666666666659
84 84 0.0043999999999999916
94 84 0.00014444444444444433
95 84 0.0010111111111111111
96 84 0.0017333333333333333
106 84 5.555555555555549e-06
107 84 3.8888888888888864e-05
108 84 6.6666666666666589e-05
61 85 6.6666666666666589e-05
62 85 3.8888888888888843e-05
63 85 5.5555555555555499e-06
73 85 0.0017333333333333348
74 85 0.0010111111111111117
75 85 0.00014444444444444465
85 85 0.0044000000000000003
86 85 0.0025666666666666681
87 85 0.00036666666666666689
97 85 0.001733333333333333
98 85 0.0010111111111111108
99 85 0.00014444444444444449
109 85 6.666666666666667e-05
110 85 3.8888888888888891e-05
111 85 5.5555555555555584e-06
61 86 3.8888888888888843e-05
62 86 0.00011111111111111095
63 86 6.9444444444444336e-05
64 86 2.7777777777777754e-06
73 86 0.0010111111111111119
74 86 0.0028888888888888909
75 86 0.0018055555555555572
76 86 7.2222222222222354e-05
85 86 0.0025666666666666681
86 86 0.0073333333333333427
87 86 0.004583333333333336
88 86 0.00018333333333333355
97 86 0.0010111111111111108
98 86 0.0028888888888888879
99 86 0.0018055555555555555
100 86 7.222222222222226e-05
109 86 3.8888888888888891e-05
110 86 0.00011111111111111112
111 86 6.9444444444444417e-05
112 86 2.7777777777777788e-06
61 87 5.5555555555555499e-06
62 87 6.9444444444444336e-05
63 87 0.0001833333333333332
64 87 7.2222222222222097e-05
65 87 2.7777777777777758e-06
73 87 0.00014444444444444463
74 87 0.0018055555555555572
75 87 0.0047666666666666708
76 87 0.0018777777777777801
77 87 7.22222222222223e-05
85 87 0.00036666666666666689
86 87 0.004583333333333336
87 87 0.012100000000000005
88 87 0.0047666666666666699
89 87 0.00018333333333333353
97 87 0.00014444444444444446
98 87 0.0018055555555555555
99 87 0.0047666666666666682
100 87 0.0018777777777777781
101 87 7.2222222222222232e-05
109 87 5.5555555555555584e-06
110 87 6.9444444444444417e-05
111 87 0.00018333333333333339
112 87 7.2222222222222219e-05
113 87 2.7777777777777792e-06
62 88 2.7777777777777754e-06
63 88 7.2222222222222097e-05
64 88 0.0001833333333333332
65 88 7.2222222222222124e-05
66 88 2.7777777777777783e-06
74 88 7.2222222222222354e-05
75 88 0.0018777777777777801
76 88 0.0047666666666666717
77 88 0.0018777777777777794
78 88 7.2222222222222368e-05
86 88 0.00018333333333333355
87 88 0.004766666666666669
88 88 0.012100000000000008
89 88 0.0047666666666666699
90 88 0.00018333333333333371
98 88 7.222222222222226e-05
99 88 0.0018777777777777779
100 88 0.0047666666666666682
101 88 0.0018777777777777783
102 88 7.2222222222222287e-05
110 88 2.7777777777777788e-06
111 88 7.2222222222222219e-05
112 88 0.00018333333333333344
113 88 7.2222222222222232e-05
114 88 2.7777777777777817e-06
63 89 2.7777777777777758e-06
64 89 7.2222222222222124e-05
65 89 0.00018333333333333315
66 89 7.2222222222222124e-05
67 89 2.7777777777777754e-06
75 89 7.22222222222223e-05
76 89 0.0018777777777777799
77 89 0.0047666666666666699
78 89 0.0018777777777777801
79 89 7.2222222222222273e-05
87 89 0.00018333333333333353
88 89 0.004766666666666669
89 89 0.012100000000000005
90 89 0.0047666666666666682
91 89 0.00018333333333333355
99 89 7.2222222222222232e-05
100 89 0.0018777777777777781
101 89 0.0047666666666666656
102 89 0.0018777777777777777
103 89 7.2222222222222219e-05
111 89 2.7777777777777792e-06
112 89 7.2222222222222219e-05
113 89 0.00018333333333333336
114 89 7.2222222222222219e-05
115 89 2.7777777777777792e-06
64 90 2.7777777777777783e-06
65 90 7.222222222222211e-05
66 90 0.00018333333333333315
67 90 7.222222222222211e-05
68 90 2.777777777777772e-06
76 90 7.2222222222222368e-05
77 90 0.0018777777777777801
78 90 0.0047666666666666708
79 90 0.0018777777777777781
80 90 7.2222222222222151e-05
88 90 0.00018333333333333371
89 90 0.0047666666666666682
90 90 0.012100000000000007
91 90 0.0047666666666666664
92 90 0.0001833333333333332
100 90 7.2222222222222287e-05
101 90 0.0018777777777777777
102 90 0.0047666666666666664
103 90 0.0018777777777777768
104 90 7.222222222222211e-05
112 90 2.7777777777777817e-06
113 90 7.2222222222222219e-05
114 90 0.00018333333333333342
115 90 7.2222222222222205e-05
116 90 2.7777777777777754e-06
65 91 2.7777777777777758e-06
66 91 7.222222222222211e-05
67 91 0.00018333333333333301
68 91 7.2222222222222151e-05
69 91 2.7777777777777745e-06
77 91 7.2222222222222287e-05
78 91 0.0018777777777777781
79 91 0.0047666666666666682
80 91 0.0018777777777777809
81 91 7.222222222222226e-05
89 91 0.00018333333333333355
90 91 0.0047666666666666664
91 91 0.012100000000000001
92 91 0.0047666666666666708
93 91 0.00018333333333333342
101 91 7.2222222222222232e-05
102 91 0.0018777777777777768
103 91 0.0047666666666666647
104 91 0.0018777777777777792
105 91 7.2222222222222165e-05
113 91 2.7777777777777796e-06
114 91 7.2222222222222205e-05
115 91 0.00018333333333333334
116 91 7.2222222222222327e-05
117 91 2.7777777777777779e-06
66 92 2.777777777777772e-06
67 92 7.2222222222222151e-05
68 92 0.00018333333333333323
69 92 7.222222222222211e-05
70 92 2.7777777777777762e-06
78 92 7.2222222222222165e-05
79 92 0.0018777777777777809
80 92 0.0047666666666666725
81 92 0.001877777777777779
82 92 7.2222222222222314e-05
90 92 0.0001833333333333332
91 92 0.0047666666666666708
92 92 0.012100000000000014
93 92 0.0047666666666666664
94 92 0.0001833333333333335
102 92 7.222222222222211e-05
103 92 0.0018777777777777792
104 92 0.0047666666666666682
105 92 0.0018777777777777764
106 92 7.2222222222222219e-05
114 92 2.7777777777777754e-06
115 92 7.2222222222222314e-05
116 92 0.00018333333333333347
117 92 7.2222222222222205e-05
118 92 2.7777777777777792e-06
67 93 2.7777777777777745e-06
68 93 7.222222222222211e-05
69 93 0.00018333333333333304
70 93 7.2222222222222138e-05
71 93 2.7777777777777788e-06
79 93 7.222222222222226e-05
80 93 0.001877777777777779
81 93 0.0047666666666666682
82 93 0.0018777777777777801
83 93 7.2222222222222368e-05
91 93 0.00018333333333333342
92 93 0.0047666666666666664
93 93 0.012100000000000003
94 93 0.004766666666666669
95 93 0.00018333333333333371
103 93 7.2222222222222178e-05
104 93 0.0018777777777777766
105 93 0.0047666666666666647
106 93 0.0018777777777777777
107 93 7.2222222222222273e-05
115 93 2.7777777777777779e-06
116 93 7.2222222222222205e-05
117 93 0.00018333333333333328
118 93 7.2222222222222232e-05
119 93 2.7777777777777821e-06
68 94 2.7777777777777762e-06
69 94 7.2222222222222138e-05
70 94 0.00018333333333333328
71 94 6.9444444444444417e-05
72 94 5.555555555555544e-06
80 94 7.2222222222222314e-05
81 94 0.0018777777777777801
82 94 0.0047666666666666751
83 94 0.001805555555555557
84 94 0.0001444444444444443
92 94 0.00018333333333333353
93 94 0.004766666666666669
94 94 0.012100000000000014
95 94 0.004583333333333336
96 94 0.0003666666666666664
104 94 7.2222222222222219e-05
105 94 0.0018777777777777781
106 94 0.0047666666666666699
107 94 0.0018055555555555555
108 94 0.00014444444444444422
116 94 2.7777777777777792e-06
117 94 7.2222222222222232e-05
118 94 0.00018333333333333353
119 94 6.9444444444444526e-05
120 94 5.5555555555555507e-06
69 95 2.7777777777777788e-06
70 95 6.9444444444444417e-05
71 95 0.00011111111111111091
72 95 3.8888888888888816e-05
81 95 7.2222222222222368e-05
82 95 0.0018055555555555572
83 95 0.0028888888888888879
84 95 0.0010111111111111111
93 95 0.00018333333333333371
94 95 0.004583333333333336
95 95 0.0073333333333333323
96 95 0.0025666666666666672
105 95 7.2222222222222287e-05
106 95 0.0018055555555555559
107 95 0.0028888888888888862
108 95 0.0010111111111111106
117 95 2.7777777777777821e-06
118 95 6.9444444444444526e-05
119 95 0.00011111111111111105
120 95 3.8888888888888884e-05
70 96 5.555555555555544e-06
71 96 3.888888888888883e-05
72 96 6.6666666666666534e-05
82 96 0.00014444444444444433
83 96 0.0010111111111111111
84 96 0.0017333333333333333
94 96 0.0003666666666666664
95 96 0.0025666666666666672
96 96 0.0043999999999999968
106 96 0.00014444444444444422
107 96 0.0010111111111111106
108 96 0.0017333333333333315
118 96 5.5555555555555507e-06
119 96 3.8888888888888884e-05
120 96 6.6666666666666643e-05
73 97 6.6666666666666643e-05
74 97 3.8888888888888877e-05
75 97 5.5555555555555541e-06
85 97 0.001733333333333333
86 97 0.0010111111111111111
87 97 0.00014444444444444446
97 97 0.0043999999999999942
98 97 0.0025666666666666654
99 97 0.00036666666666666651
109 97 0.0017333333333333335
110 97 0.0010111111111111113
111 97 0.00014444444444444452
121 97 6.6666666666666751e-05
122 97 3.8888888888888938e-05
123 97 5.5555555555555634e-06
73 98 3.8888888888888877e-05
74 98 0.00011111111111111108
75 98 6.944444444444439e-05
76 98 2.7777777777777779e-06
85 98 0.0010111111111111111
86 98 0.0028888888888888879
87 98 0.0018055555555555555
88 98 7.222222222222226e-05
97 98 0.0025666666666666654
98 98 0.0073333333333333323
99 98 0.0045833333333333308
100 98 0.00018333333333333328
109 98 0.0010111111111111113
110 98 0.0028888888888888888
111 98 0.0018055555555555561
112 98 7.2222222222222273e-05
121 98 3.8888888888888938e-05
122 98 0.00011111111111111125
123 98 6.9444444444444499e-05
124 98 2.7777777777777821e-06
73 99 5.5555555555555541e-06
74 99 6.944444444444439e-05
75 99 0.00018333333333333331
76 99 7.2222222222222192e-05
77 99 2.7777777777777779e-06
85 99 0.00014444444444444446
86 99 0.0018055555555555555
87 99 0.0047666666666666673
88 99 0.0018777777777777779
89 99 7.2222222222222246e-05
97 99 0.00036666666666666651
98 99 0.0045833333333333308
99 99 0.012099999999999993
100 99 0.0047666666666666656
101 99 0.00018333333333333328
109 99 0.00014444444444444452
110 99 0.0018055555555555561
111 99 0.0047666666666666682
112 99 0.0018777777777777788
113 99 7.222222222222226e-05
121 99 5.5555555555555634e-06
122 99 6.9444444444444499e-05
123 99 0.00018333333333333358
124 99 7.2222222222222314e-05
125 99 2.7777777777777826e-06
74 100 2.7777777777777779e-06
75 100 7.2222222222222205e-05
76 100 0.00018333333333333339
77 100 7.2222222222222192e-05
78 100 2.7777777777777809e-06
86 100 7.222222222222226e-05
87 100 0.0018777777777777779
88 100 0.0047666666666666682
89 100 0.0018777777777777781
90 100 7.2222222222222287e-05
98 100 0.00018333333333333328
99 100 0.0047666666666666656
100 100 0.0121
101 100 0.0047666666666666647
102 100 0.00018333333333333344
110 100 7.2222222222222273e-05
111 100 0.0018777777777777788
112 100 0.0047666666666666682
113 100 0.001877777777777779
114 100 7.2222222222222314e-05
122 100 2.7777777777777821e-06
123 100 7.2222222222222314e-05
124 100 0.00018333333333333363
125 100 7.2222222222222314e-05
126 100 2.7777777777777851e-06
75 101 2.7777777777777779e-06
76 101 7.2222222222222192e-05
77 101 0.00018333333333333325
78 101 7.2222222222222178e-05
79 101 2.7777777777777783e-06
87 101 7.2222222222222246e-05
88 101 0.0018777777777777781
89 101 0.0047666666666666656
90 101 0.0018777777777777777
91 101 7.2222222222222232e-05
99 101 0.00018333333333333328
100 101 0.0047666666666666656
101 101 0.012099999999999993
102 101 0.0047666666666666656
103 101 0.00018333333333333328
111 101 7.222222222222226e-05
112 101 0.001877777777777779
113 101 0.0047666666666666673
114 101 0.0018777777777777786
115 101 7.222222222222226e-05
123 101 2.7777777777777826e-06
124 101 7.2222222222222314e-05
125 101 0.00018333333333333355
126 101 7.2222222222222287e-05
127 101 2.7777777777777826e-06
76 102 2.7777777777777809e-06
77 102 7.2222222222222178e-05
78 102 0.00018333333333333334
79 102 7.2222222222222165e-05
80 102 2.7777777777777745e-06
88 102 7.2222222222222287e-05
89 102 0.0018777777777777777
90 102 0.0047666666666666664
91 102 0.0018777777777777768
92 102 7.222222222222211e-05
100 102 0.00018333333333333344
101 102 0.0047666666666666656
102 102 0.012099999999999996
103 102 0.0047666666666666612
104 102 0.00018333333333333306
112 102 7.2222222222222314e-05
113 102 0.0018777777777777786
114 102 0.0047666666666666682
115 102 0.0018777777777777775
116 102 7.2222222222222151e-05
124 102 2.7777777777777851e-06
125 102 7.2222222222222287e-05
126 102 0.00018333333333333358
127 102 7.2222222222222287e-05
128 102 2.7777777777777788e-06
77 103 2.7777777777777783e-06
78 103 7.2222222222222165e-05
79 103 0.0001833333333333332
80 103 7.2222222222222232e-05
81 103 2.7777777777777771e-06
89 103 7.2222222222222219e-05
90 103 0.0018777777777777766
91 103 0.0047666666666666647
92 103 0.0018777777777777792
93 103 7.2222222222222178e-05
101 103 0.00018333333333333328
102 103 0.0047666666666666612
103 103 0.012099999999999988
104 103 0.0047666666666666673
105 103 0.0001833333333333332
113 103 7.2222222222222246e-05
114 103 0.0018777777777777775
115 103 0.0047666666666666664
116 103 0.0018777777777777799
117 103 7.2222222222222219e-05
125 103 2.7777777777777826e-06
126 103 7.2222222222222287e-05
127 103 0.0001833333333333335
128 103 7.2222222222222368e-05
129 103 2.7777777777777813e-06
78 104 2.7777777777777745e-06
79 104 7.2222222222222232e-05
80 104 0.00018333333333333339
81 104 7.2222222222222192e-05
82 104 2.7777777777777779e-06
90 104 7.222222222222211e-05
91 104 0.0018777777777777792
92 104 0.0047666666666666673
93 104 0.0018777777777777768
94 104 7.2222222222222219e-05
102 104 0.00018333333333333306
103 104 0.0047666666666666673
104 104 0.0121
105 104 0.0047666666666666621
106 104 0.00018333333333333328
114 104 7.2222222222222151e-05
115 104 0.0018777777777777799
116 104 0.0047666666666666699
117 104 0.0018777777777777773
118 104 7.2222222222222246e-05
126 104 2.7777777777777788e-06
127 104 7.2222222222222368e-05
128 104 0.00018333333333333369
129 104 7.2222222222222287e-05
130 104 2.7777777777777821e-06
79 105 2.7777777777777766e-06
80 105 7.2222222222222192e-05
81 105 0.00018333333333333323
82 105 7.2222222222222205e-05
83 105 2.7777777777777813e-06
91 105 7.2222222222222178e-05
92 105 0.0018777777777777768
93 105 0.0047666666666666647
94 105 0.0018777777777777777
95 105 7.2222222222222287e-05
103 105 0.0001833333333333332
104 105 0.0047666666666666621
105 105 0.012099999999999984
106 105 0.0047666666666666647
107 105 0.00018333333333333347
115 105 7.2222222222222219e-05
116 105 0.0018777777777777773
117 105 0.0047666666666666656
118 105 0.0018777777777777786
119 105 7.2222222222222327e-05
127 105 2.7777777777777813e-06
128 105 7.22222222222223e-05
129 105 0.00018333333333333347
130 105 7.2222222222222327e-05
131 105 2.7777777777777855e-06
80 106 2.7777777777777779e-06
81 106 7.2222222222222205e-05
82 106 0.00018333333333333342
83 106 6.9444444444444499e-05
84 106 5.555555555555549e-06
92 106 7.2222222222222205e-05
93 106 0.0018777777777777777
94 106 0.004766666666666669
95 106 0.0018055555555555555
96 106 0.00014444444444444422
104 106 0.00018333333333333328
105 106 0.0047666666666666647
106 106 0.012100000000000005
107 106 0.0045833333333333334
108 106 0.00036666666666666613
116 106 7.2222222222222232e-05
117 106 0.0018777777777777786
118 106 0.0047666666666666717
119 106 0.0018055555555555561
120 106 0.0001444444444444443
128 106 2.7777777777777821e-06
129 106 7.2222222222222327e-05
130 106 0.00018333333333333371
131 106 6.9444444444444607e-05
132 106 5.5555555555555575e-06
81 107 2.7777777777777809e-06
82 107 6.9444444444444499e-05
83 107 0.00011111111111111098
84 107 3.8888888888888864e-05
93 107 7.2222222222222287e-05
94 107 0.0018055555555555557
95 107 0.0028888888888888862
96 107 0.0010111111111111106
105 107 0.00018333333333333347
106 107 0.0045833333333333334
107 107 0.0073333333333333228
108 107 0.0025666666666666641
117 107 7.2222222222222327e-05
118 107 0.0018055555555555561
119 107 0.0028888888888888866
120 107 0.0010111111111111104
129 107 2.7777777777777855e-06
130 107 6.9444444444444607e-05
131 107 0.00011111111111111117
132 107 3.8888888888888925e-05
82 108 5.555555555555549e-06
83 108 3.8888888888888864e-05
84 108 6.6666666666666589e-05
94 108 0.00014444444444444422
95 108 0.0010111111111111106
96 108 0.0017333333333333315
106 108 0.00036666666666666613
107 108 0.0025666666666666641
108 108 0.0043999999999999899
118 108 0.0001444444444444443
119 108 0.0010111111111111104
120 108 0.001733333333333332
130 108 5.5555555555555575e-06
131 108 3.8888888888888925e-05
132 108 6.6666666666666683e-05
85 109 6.666666666666667e-05
86 109 3.8888888888888891e-05
87 109 5.5555555555555584e-06
97 109 0.0017333333333333335
98 109 0.0010111111111111113
99 109 0.00014444444444444452
109 109 0.004400000000000002
110 109 0.0025666666666666698
111 109 0.0003666666666666671
121 109 0.0016666666666666674
122 109 0.00097222222222222252
123 109 0.00013888888888888905
133 109 0.00013333333333333318
134 109 7.7777777777777687e-05
135 109 1.11111111111111e-05
85 110 3.8888888888888891e-05
86 110 0.00011111111111111112
87 110 6.9444444444444417e-05
88 110 2.7777777777777792e-06
97 110 0.0010111111111111113
98 110 0.0028888888888888888
99 110 0.0018055555555555561
100 110 7.2222222222222273e-05
109 110 0.0025666666666666698
110 110 0.0073333333333333453
111 110 0.004583333333333336
112 110 0.00018333333333333361
121 110 0.00097222222222222252
122 110 0.002777777777777777
123 110 0.0017361111111111112
124 110 6.9444444444444526e-05
133 110 7.7777777777777687e-05
134 110 0.00022222222222222193
135 110 0.00013888888888888867
136 110 5.5555555555555507e-06
85 111 5.5555555555555584e-06
86 111 6.9444444444444417e-05
87 111 0.00018333333333333339
88 111 7.2222222222222219e-05
89 111 2.7777777777777792e-06
97 111 0.00014444444444444452
98 111 0.0018055555555555561
99 111 0.004766666666666669
100 111 0.0018777777777777786
101 111 7.2222222222222246e-05
109 111 0.0003666666666666671
110 111 0.004583333333333336
111 111 0.012100000000000008
112 111 0.0047666666666666708
113 111 0.00018333333333333355
121 111 0.00013888888888888905
122 111 0.0017361111111111112
123 111 0.0045833333333333342
124 111 0.0018055555555555566
125 111 6.9444444444444512e-05
133 111 1.11111111111111e-05
134 111 0.00013888888888888867
135 111 0.0003666666666666664
136 111 0.00014444444444444419
137 111 5.5555555555555516e-06
86 112 2.7777777777777788e-06
87 112 7.2222222222222219e-05
88 112 0.00018333333333333344
89 112 7.2222222222222232e-05
90 112 2.7777777777777817e-06
98 112 7.2222222222222273e-05
99 112 0.0018777777777777783
100 112 0.004766666666666669
101 112 0.001877777777777779
102 112 7.2222222222222314e-05
110 112 0.00018333333333333361
111 112 0.0047666666666666708
112 112 0.012100000000000012
113 112 0.0047666666666666708
114 112 0.00018333333333333369
122 112 6.9444444444444526e-05
123 112 0.0018055555555555566
124 112 0.004583333333333336
125 112 0.0018055555555555568
126 112 6.944444444444458e-05
134 112 5.5555555555555507e-06
135 112 0.00014444444444444419
136 112 0.0003666666666666664
137 112 0.00014444444444444425
138 112 5.5555555555555567e-06
87 113 2.7777777777777792e-06
88 113 7.2222222222222219e-05
89 113 0.00018333333333333342
90 113 7.2222222222222219e-05
91 113 2.7777777777777792e-06
99 113 7.2222222222222246e-05
100 113 0.0018777777777777788
101 113 0.0047666666666666682
102 113 0.0018777777777777786
103 113 7.2222222222222246e-05
111 113 0.00018333333333333355
112 113 0.0047666666666666708
113 113 0.012100000000000008
114 113 0.004766666666666669
115 113 0.0001833333333333335
123 113 6.9444444444444512e-05
124 113 0.0018055555555555568
125 113 0.0045833333333333334
126 113 0.0018055555555555561
127 113 6.9444444444444512e-05
135 113 5.5555555555555516e-06
136 113 0.00014444444444444425
137 113 0.00036666666666666629
138 113 0.00014444444444444425
139 113 5.5555555555555507e-06
88 114 2.7777777777777817e-06
89 114 7.2222222222222205e-05
90 114 0.00018333333333333342
91 114 7.2222222222222205e-05
92 114 2.7777777777777754e-06
100 114 7.2222222222222314e-05
101 114 0.0018777777777777786
102 114 0.0047666666666666682
103 114 0.0018777777777777775
104 114 7.2222222222222151e-05
112 114 0.00018333333333333369
113 114 0.004766666666666669
114 114 0.01210000000000001
115 114 0.0047666666666666699
116 114 0.00018333333333333325
124 114 6.9444444444444593e-05
125 114 0.0018055555555555561
126 114 0.0045833333333333342
127 114 0.0018055555555555553
128 114 6.9444444444444404e-05
136 114 5.5555555555555567e-06
137 114 0.00014444444444444422
138 114 0.00036666666666666629
139 114 0.00014444444444444422
140 114 5.555555555555544e-06
89 115 2.7777777777777796e-06
90 115 7.2222222222222205e-05
91 115 0.00018333333333333334
92 115 7.2222222222222327e-05
93 115 2.7777777777777779e-06
101 115 7.2222222222222246e-05
102 115 0.0018777777777777775
103 115 0.0047666666666666664
104 115 0.0018777777777777799
105 115 7.2222222222222205e-05
113 115 0.0001833333333333335
114 115 0.004766666666666669
115 115 0.012100000000000003
116 115 0.0047666666666666734
117 115 0.00018333333333333344
125 115 6.9444444444444512e-05
126 115 0.0018055555555555553
127 115 0.0045833333333333308
128 115 0.0018055555555555574
129 115 6.9444444444444485e-05
137 115 5.5555555555555516e-06
138 115 0.00014444444444444419
139 115 0.00036666666666666607
140 115 0.00014444444444444433
141 115 5.555555555555549e-06
90 116 2.7777777777777754e-06
91 116 7.2222222222222314e-05
92 116 0.00018333333333333347
93 116 7.2222222222222205e-05
94 116 2.7777777777777792e-06
102 116 7.2222222222222138e-05
103 116 0.0018777777777777799
104 116 0.0047666666666666699
105 116 0.0018777777777777773
106 116 7.2222222222222246e-05
114 116 0.00018333333333333325
115 116 0.0047666666666666734
116 116 0.012100000000000012
117 116 0.0047666666666666682
118 116 0.00018333333333333353
126 116 6.9444444444444404e-05
127 116 0.0018055555555555574
128 116 0.0045833333333333351
129 116 0.0018055555555555559
130 116 6.9444444444444526e-05
138 116 5.555555555555544e-06
139 116 0.00014444444444444433
140 116 0.00036666666666666645
141 116 0.00014444444444444422
142 116 5.5555555555555524e-06
91 117 2.7777777777777779e-06
92 117 7.2222222222222205e-05
93 117 0.00018333333333333328
94 117 7.2222222222222232e-05
95 117 2.7777777777777826e-06
103 117 7.2222222222222205e-05
104 117 0.0018777777777777773
105 117 0.0047666666666666656
106 117 0.0018777777777777781
107 117 7.2222222222222327e-05
115 117 0.00018333333333333344
116 117 0.0047666666666666682
117 117 0.012100000000000003
118 117 0.0047666666666666708
119 117 0.00018333333333333371
127 117 6.9444444444444485e-05
128 117 0.0018055555555555557
129 117 0.0045833333333333316
130 117 0.001805555555555557
131 117 6.9444444444444593e-05
139 117 5.555555555555549e-06
140 117 0.00014444444444444422
141 117 0.00036666666666666607
142 117 0.00014444444444444428
143 117 5.5555555555555575e-06
92 118 2.7777777777777792e-06
93 118 7.2222222222222232e-05
94 118 0.00018333333333333353
95 118 6.9444444444444526e-05
96 118 5.5555555555555507e-06
104 118 7.2222222222222246e-05
105 118 0.0018777777777777786
106 118 0.0047666666666666725
107 118 0.0018055555555555561
108 118 0.0001444444444444443
116 118 0.00018333333333333353
117 118 0.0047666666666666717
118 118 0.012100000000000019
119 118 0.0045833333333333394
120 118 0.00036666666666666651
128 118 6.9444444444444526e-05
129 118 0.001805555555555557
130 118 0.0045833333333333377
131 118 0.0017361111111111125
132 118 0.00013888888888888881
140 118 5.5555555555555524e-06
141 118 0.00014444444444444428
142 118 0.00036666666666666656
143 118 0.00013888888888888883
144 118 1.1111111111111088e-05
93 119 2.7777777777777826e-06
94 119 6.9444444444444526e-05
95 119 0.00011111111111111105
96 119 3.8888888888888884e-05
105 119 7.2222222222222327e-05
106 119 0.0018055555555555561
107 119 0.0028888888888888866
108 119 0.0010111111111111104
117 119 0.00018333333333333371
118 119 0.0045833333333333394
119 119 0.0073333333333333358
120 119 0.0025666666666666689
129 119 6.9444444444444593e-05
130 119 0.0017361111111111127
131 119 0.002777777777777777
132 119 0.0009722222222222223
141 119 5.5555555555555575e-06
142 119 0.00013888888888888883
143 119 0.00022222222222222183
144 119 7.7777777777777632e-05
94 120 5.5555555555555507e-06
95 120 3.8888888888888884e-05
96 120 6.6666666666666643e-05
106 120 0.00014444444444444428
107 120 0.0010111111111111104
108 120 0.001733333333333332
118 120 0.00036666666666666651
119 120 0.0025666666666666689
120 120 0.0043999999999999985
130 120 0.00013888888888888881
131 120 0.0009722222222222223
132 120 0.0016666666666666657
142 120 1.1111111111111088e-05
143 120 7.777777777777766e-05
144 120 0.00013333333333333307
97 121 6.6666666666666751e-05
98 121 3.8888888888888938e-05
99 121 5.5555555555555634e-06
109 121 0.0016666666666666672
110 121 0.00097222222222222252
111 121 0.00013888888888888905
121 121 0.0026666666666666644
122 121 0.0015555555555555546
123 121 0.00022222222222222212
133 121 0.000933333333333333
134 121 0.00054444444444444408
135 121 7.7777777777777741e-05
97 122 3.8888888888888938e-05
98 122 0.00011111111111111125
99 122 6.9444444444444499e-05
100 122 2.7777777777777821e-06
109 122 0.00097222222222222252
110 122 0.002777777777777777
111 122 0.001736111111111111
112 122 6.9444444444444526e-05
121 122 0.0015555555555555546
122 122 0.0044444444444444418
123 122 0.0027777777777777761
124 122 0.00011111111111111109
133 122 0.00054444444444444408
134 122 0.0015555555555555548
135 122 0.00097222222222222176
136 122 3.8888888888888877e-05
97 123 5.5555555555555626e-06
98 123 6.9444444444444499e-05
99 123 0.00018333333333333358
100 123 7.2222222222222314e-05
101 123 2.7777777777777826e-06
109 123 0.00013888888888888905
110 123 0.001736111111111111
111 123 0.0045833333333333342
112 123 0.0018055555555555566
113 123 6.9444444444444512e-05
121 123 0.0002222222222222221
122 123 0.0027777777777777757
123 123 0.0073333333333333297
124 123 0.0028888888888888866
125 123 0.00011111111111111104
133 123 7.7777777777777741e-05
134 123 0.00097222222222222176
135 123 0.002566666666666665
136 123 0.00101111111111111
137 123 3.888888888888887e-05
98 124 2.7777777777777821e-06
99 124 7.22222222222223e-05
100 124 0.00018333333333333363
101 124 7.2222222222222314e-05
102 124 2.7777777777777851e-06
110 124 6.9444444444444526e-05
111 124 0.0018055555555555566
112 124 0.004583333333333336
113 124 0.0018055555555555563
114 124 6.944444444444458e-05
122 124 0.00011111111111111109
123 124 0.002888888888888887
124 124 0.0073333333333333323
125 124 0.0028888888888888875
126 124 0.00011111111111111118
134 124 3.8888888888888877e-05
135 124 0.00101111111111111
136 124 0.0025666666666666672
137 124 0.0010111111111111102
138 124 3.8888888888888911e-05
99 125 2.7777777777777826e-06
100 125 7.2222222222222314e-05
101 125 0.00018333333333333355
102 125 7.2222222222222287e-05
103 125 2.7777777777777826e-06
111 125 6.9444444444444512e-05
112 125 0.0018055555555555563
113 125 0.0045833333333333334
114 125 0.0018055555555555561
115 125 6.9444444444444499e-05
123 125 0.00011111111111111104
124 125 0.0028888888888888875
125 125 0.0073333333333333297
126 125 0.002888888888888887
127 125 0.00011111111111111106
135 125 3.888888888888887e-05
136 125 0.0010111111111111102
137 125 0.0025666666666666663
138 125 0.00101111111111111
139 125 3.888888888888887e-05
100 126 2.7777777777777851e-06
101 126 7.2222222222222287e-05
102 126 0.00018333333333333358
103 126 7.2222222222222287e-05
104 126 2.7777777777777788e-06
112 126 6.944444444444458e-05
113 126 0.0018055555555555561
114 126 0.0045833333333333342
115 126 0.0018055555555555553
116 126 6.9444444444444404e-05
124 126 0.00011111111111111118
125 126 0.002888888888888887
126 126 0.0073333333333333323
127 126 0.0028888888888888862
128 126 0.00011111111111111093
136 126 3.8888888888888911e-05
137 126 0.00101111111111111
138 126 0.0025666666666666672
139 126 0.0010111111111111098
140 126 3.8888888888888816e-05
101 127 2.7777777777777826e-06
102 127 7.2222222222222287e-05
103 127 0.00018333333333333347
104 127 7.2222222222222368e-05
105 127 2.7777777777777813e-06
113 127 6.9444444444444512e-05
114 127 0.0018055555555555553
115 127 0.0045833333333333308
116 127 0.0018055555555555579
117 127 6.9444444444444485e-05
125 127 0.00011111111111111106
126 127 0.0028888888888888862
127 127 0.007333333333333328
128 127 0.0028888888888888888
129 127 0.00011111111111111101
137 127 3.888888888888887e-05
138 127 0.0010111111111111098
139 127 0.0025666666666666654
140 127 0.0010111111111111106
141 127 3.8888888888888857e-05
102 128 2.7777777777777788e-06
103 128 7.2222222222222368e-05
104 128 0.00018333333333333369
105 128 7.22222222222223e-05
106 128 2.7777777777777826e-06
114 128 6.9444444444444404e-05
115 128 0.0018055555555555579
116 128 0.0045833333333333351
117 128 0.0018055555555555559
118 128 6.9444444444444526e-05
126 128 0.00011111111111111093
127 128 0.0028888888888888888
128 128 0.0073333333333333315
129 128 0.0028888888888888866
130 128 0.00011111111111111108
138 128 3.8888888888888809e-05
139 128 0.0010111111111111106
140 128 0.0025666666666666672
141 128 0.00101111111111111
142 128 3.8888888888888877e-05
103 129 2.7777777777777813e-06
104 129 7.22222222222223e-05
105 129 0.00018333333333333347
106 129 7.2222222222222327e-05
107 129 2.7777777777777855e-06
115 129 6.9444444444444485e-05
116 129 0.0018055555555555559
117 129 0.0045833333333333316
118 129 0.001805555555555557
119 129 6.9444444444444593e-05
127 129 0.00011111111111111101
128 129 0.0028888888888888866
129 129 0.0073333333333333219
130 129 0.0028888888888888866
131 129 0.00011111111111111118
139 129 3.8888888888888857e-05
140 129 0.00101111111111111
141 129 0.0025666666666666646
142 129 0.0010111111111111102
143 129 3.8888888888888918e-05
104 130 2.7777777777777826e-06
105 130 7.2222222222222327e-05
106 130 0.00018333333333333371
107 130 6.9444444444444607e-05
108 130 5.5555555555555575e-06
116 130 6.9444444444444526e-05
117 130 0.0018055555555555566
118 130 0.0045833333333333368
119 130 0.0017361111111111127
120 130 0.00013888888888888881
128 130 0.00011111111111111108
129 130 0.0028888888888888866
130 130 0.0073333333333333375
131 130 0.002777777777777777
132 130 0.00022222222222222185
140 130 3.8888888888888877e-05
141 130 0.0010111111111111102
142 130 0.0025666666666666689
143 130 0.00097222222222222219
144 130 7.7777777777777632e-05
105 131 2.7777777777777855e-06
106 131 6.9444444444444607e-05
107 131 0.00011111111111111117
108 131 3.8888888888888931e-05
117 131 6.9444444444444593e-05
118 131 0.0017361111111111125
119 131 0.002777777777777777
120 131 0.00097222222222222219
129 131 0.00011111111111111118
130 131 0.002777777777777777
131 131 0.0044444444444444349
132 131 0.0015555555555555537
141 131 3.8888888888888918e-05
142 131 0.00097222222222222219
143 131 0.0015555555555555539
144 131 0.00054444444444444386
106 132 5.5555555555555575e-06
107 132 3.8888888888888925e-05
108 132 6.6666666666666697e-05
118 132 0.00013888888888888881
119 132 0.0009722222222222223
120 132 0.0016666666666666655
130 132 0.00022222222222222185
131 132 0.0015555555555555539
132 132 0.0026666666666666622
142 132 7.7777777777777619e-05
143 132 0.00054444444444444386
144 132 0.00093333333333333191
109 133 0.00013333333333333318
110 133 7.7777777777777687e-05
111 133 1.11111111111111e-05
121 133 0.000933333333333333
122 133 0.00054444444444444419
123 133 7.7777777777777741e-05
133 133 0.0015999999999999988
134 133 0.00093333333333333246
135 133 0.0001333333333333332
109 134 7.7777777777777687e-05
110 134 0.00022222222222222193
111 134 0.00013888888888888867
112 134 5.5555555555555507e-06
121 134 0.00054444444444444419
122 134 0.0015555555555555548
123 134 0.00097222222222222176
124 134 3.8888888888888884e-05
133 134 0.00093333333333333246
134 134 0.0026666666666666631
135 134 0.0016666666666666653
136 134 6.6666666666666629e-05
109 135 1.1111111111111098e-05
110 135 0.00013888888888888867
111 135 0.0003666666666666664
112 135 0.00014444444444444419
113 135 5.5555555555555516e-06
121 135 7.7777777777777741e-05
122 135 0.00097222222222222176
123 135 0.002566666666666665
124 135 0.00101111111111111
125 135 3.8888888888888877e-05
133 135 0.0001333333333333332
134 135 0.0016666666666666653
135 135 0.0043999999999999951
136 135 0.001733333333333332
137 135 6.6666666666666629e-05
110 136 5.5555555555555507e-06
111 136 0.00014444444444444425
112 136 0.0003666666666666664
113 136 0.00014444444444444422
114 136 5.5555555555555567e-06
122 136 3.8888888888888884e-05
123 136 0.00101111111111111
124 136 0.0025666666666666672
125 136 0.0010111111111111102
126 136 3.8888888888888918e-05
134 136 6.6666666666666629e-05
135 136 0.001733333333333332
136 136 0.0043999999999999968
137 136 0.0017333333333333322
138 136 6.6666666666666697e-05
111 137 5.5555555555555516e-06
112 137 0.00014444444444444422
113 137 0.00036666666666666629
114 137 0.00014444444444444425
115 137 5.5555555555555507e-06
123 137 3.8888888888888877e-05
124 137 0.0010111111111111104
125 137 0.0025666666666666663
126 137 0.00101111111111111
127 137 3.888888888888887e-05
135 137 6.6666666666666629e-05
136 137 0.0017333333333333326
137 137 0.0043999999999999951
138 137 0.0017333333333333317
139 137 6.6666666666666629e-05
112 138 5.5555555555555567e-06
113 138 0.00014444444444444425
114 138 0.00036666666666666629
115 138 0.00014444444444444419
116 138 5.555555555555544e-06
124 138 3.8888888888888918e-05
125 138 0.00101111111111111
126 138 0.0025666666666666672
127 138 0.0010111111111111098
128 138 3.8888888888888823e-05
136 138 6.6666666666666697e-05
137 138 0.0017333333333333317
138 138 0.0043999999999999942
139 138 0.0017333333333333313
140 138 6.6666666666666534e-05
113 139 5.5555555555555507e-06
114 139 0.00014444444444444419
115 139 0.00036666666666666602
116 139 0.0001444444444444443
117 139 5.555555555555549e-06
125 139 3.888888888888887e-05
126 139 0.0010111111111111098
127 139 0.0025666666666666654
128 139 0.0010111111111111108
129 139 3.8888888888888857e-05
137 139 6.6666666666666629e-05
138 139 0.0017333333333333313
139 139 0.0043999999999999925
140 139 0.0017333333333333328
141 139 6.6666666666666602e-05
114 140 5.555555555555544e-06
115 140 0.0001444444444444443
116 140 0.00036666666666666645
117 140 0.00014444444444444422
118 140 5.5555555555555524e-06
126 140 3.8888888888888816e-05
127 140 0.0010111111111111108
128 140 0.0025666666666666667
129 140 0.00101111111111111
130 140 3.8888888888888877e-05
138 140 6.6666666666666548e-05
139 140 0.0017333333333333328
140 140 0.0043999999999999968
141 140 0.0017333333333333315
142 140 6.6666666666666643e-05
115 141 5.555555555555549e-06
116 141 0.00014444444444444422
117 141 0.00036666666666666607
118 141 0.00014444444444444428
119 141 5.5555555555555575e-06
127 141 3.8888888888888857e-05
128 141 0.0010111111111111098
129 141 0.0025666666666666646
130 141 0.0010111111111111102
131 141 3.8888888888888918e-05
139 141 6.6666666666666602e-05
140 141 0.0017333333333333315
141 141 0.0043999999999999907
142 141 0.0017333333333333317
143 141 6.6666666666666697e-05
116 142 5.5555555555555524e-06
117 142 0.00014444444444444428
118 142 0.00036666666666666651
119 142 0.00013888888888888883
120 142 1.1111111111111088e-05
128 142 3.8888888888888877e-05
129 142 0.0010111111111111102
130 142 0.0025666666666666689
131 142 0.0009722222222222223
132 142 7.7777777777777646e-05
140 142 6.6666666666666629e-05
141 142 0.0017333333333333317
142 142 0.0043999999999999977
143 142 0.0016666666666666655
144 142 0.00013333333333333307
117 143 5.5555555555555575e-06
118 143 0.00013888888888888883
119 143 0.00022222222222222185
120 143 7.777777777777766e-05
129 143 3.8888888888888918e-05
130 143 0.00097222222222222219
131 143 0.0015555555555555539
132 143 0.00054444444444444375
141 143 6.6666666666666697e-05
142 143 0.0016666666666666657
143 143 0.0026666666666666627
144 143 0.00093333333333333191
118 144 1.1111111111111088e-05
119 144 7.7777777777777632e-05
120 144 0.00013333333333333307
130 144 7.7777777777777632e-05
131 144 0.00054444444444444375
132 144 0.00093333333333333202
142 144 0.0001333333333333331
143 144 0.00093333333333333191
144 144 0.0015999999999999968


