# Created by Octave 5.2.0, Wed Nov 03 10:47:02 2021 CET <omen@omen-linux>
# name: ans
# type: sparse matrix
# nnz: 841
# rows: 49
# columns: 49
1 1 0.0064000000000000003
2 1 0.0037333333333333333
3 1 0.00053333333333333325
8 1 0.0037333333333333342
9 1 0.0021777777777777772
10 1 0.00031111111111111113
15 1 0.00053333333333333358
16 1 0.00031111111111111107
17 1 4.4444444444444453e-05
1 2 0.0037333333333333333
2 2 0.010666666666666665
3 2 0.0066666666666666662
4 2 0.00026666666666666668
8 2 0.0021777777777777772
9 2 0.0062222222222222219
10 2 0.0038888888888888888
11 2 0.00015555555555555562
15 2 0.00031111111111111107
16 2 0.00088888888888888893
17 2 0.00055555555555555545
18 2 2.2222222222222233e-05
1 3 0.00053333333333333336
2 3 0.0066666666666666662
3 3 0.017599999999999994
4 3 0.0069333333333333356
5 3 0.00026666666666666668
8 3 0.00031111111111111113
9 3 0.0038888888888888888
10 3 0.01026666666666667
11 3 0.0040444444444444443
12 3 0.00015555555555555559
15 3 4.4444444444444453e-05
16 3 0.00055555555555555545
17 3 0.0014666666666666673
18 3 0.00057777777777777786
19 3 2.2222222222222223e-05
2 4 0.00026666666666666673
3 4 0.0069333333333333356
4 4 0.017600000000000005
5 4 0.0069333333333333347
6 4 0.0002666666666666669
9 4 0.00015555555555555564
10 4 0.0040444444444444443
11 4 0.010266666666666676
12 4 0.004044444444444446
13 4 0.00015555555555555573
16 4 2.2222222222222233e-05
17 4 0.00057777777777777786
18 4 0.0014666666666666682
19 4 0.00057777777777777786
20 4 2.222222222222225e-05
3 5 0.00026666666666666668
4 5 0.0069333333333333347
5 5 0.017599999999999998
6 5 0.006666666666666668
7 5 0.00053333333333333347
10 5 0.00015555555555555559
11 5 0.0040444444444444451
12 5 0.010266666666666669
13 5 0.0038888888888888892
14 5 0.00031111111111111118
17 5 2.2222222222222223e-05
18 5 0.00057777777777777786
19 5 0.0014666666666666676
20 5 0.00055555555555555577
21 5 4.444444444444446e-05
4 6 0.0002666666666666669
5 6 0.0066666666666666671
6 6 0.010666666666666663
7 6 0.0037333333333333368
11 6 0.00015555555555555573
12 6 0.0038888888888888892
13 6 0.0062222222222222245
14 6 0.0021777777777777798
18 6 2.222222222222225e-05
19 6 0.00055555555555555577
20 6 0.00088888888888888904
21 6 0.00031111111111111134
5 7 0.00053333333333333347
6 7 0.0037333333333333368
7 7 0.0063999999999999899
12 7 0.00031111111111111118
13 7 0.0021777777777777798
14 7 0.0037333333333333277
19 7 4.4444444444444467e-05
20 7 0.00031111111111111134
21 7 0.0005333333333333326
1 8 0.0037333333333333337
2 8 0.0021777777777777772
3 8 0.00031111111111111113
8 8 0.010666666666666661
9 8 0.0062222222222222227
10 8 0.00088888888888888882
15 8 0.0066666666666666662
16 8 0.0038888888888888888
17 8 0.00055555555555555566
22 8 0.00026666666666666679
23 8 0.00015555555555555559
24 8 2.2222222222222233e-05
1 9 0.0021777777777777776
2 9 0.0062222222222222219
3 9 0.0038888888888888892
4 9 0.00015555555555555562
8 9 0.0062222222222222227
9 9 0.017777777777777781
10 9 0.011111111111111112
11 9 0.00044444444444444452
15 9 0.0038888888888888888
16 9 0.011111111111111108
17 9 0.0069444444444444432
18 9 0.00027777777777777789
22 9 0.00015555555555555559
23 9 0.00044444444444444457
24 9 0.00027777777777777783
25 9 1.1111111111111118e-05
1 10 0.00031111111111111113
2 10 0.0038888888888888892
3 10 0.01026666666666667
4 10 0.0040444444444444443
5 10 0.00015555555555555559
8 10 0.00088888888888888893
9 10 0.011111111111111112
10 10 0.029333333333333354
11 10 0.011555555555555558
12 10 0.00044444444444444457
15 10 0.00055555555555555566
16 10 0.0069444444444444432
17 10 0.01833333333333333
18 10 0.0072222222222222219
19 10 0.00027777777777777783
22 10 2.222222222222223e-05
23 10 0.00027777777777777783
24 10 0.00073333333333333378
25 10 0.00028888888888888904
26 10 1.1111111111111118e-05
2 11 0.00015555555555555562
3 11 0.0040444444444444451
4 11 0.010266666666666676
5 11 0.004044444444444446
6 11 0.00015555555555555573
9 11 0.00044444444444444452
10 11 0.011555555555555558
11 11 0.029333333333333361
12 11 0.011555555555555558
13 11 0.00044444444444444485
16 11 0.00027777777777777789
17 11 0.0072222222222222219
18 11 0.018333333333333337
19 11 0.0072222222222222228
20 11 0.00027777777777777799
23 11 1.111111111111112e-05
24 11 0.00028888888888888904
25 11 0.00073333333333333432
26 11 0.00028888888888888904
27 11 1.1111111111111125e-05
3 12 0.00015555555555555559
4 12 0.0040444444444444451
5 12 0.010266666666666669
6 12 0.0038888888888888892
7 12 0.00031111111111111118
10 12 0.00044444444444444457
11 12 0.011555555555555558
12 12 0.029333333333333343
13 12 0.011111111111111108
14 12 0.00088888888888888893
17 12 0.00027777777777777783
18 12 0.0072222222222222228
19 12 0.018333333333333323
20 12 0.0069444444444444415
21 12 0.00055555555555555556
24 12 1.1111111111111118e-05
25 12 0.00028888888888888904
26 12 0.00073333333333333367
27 12 0.00027777777777777794
28 12 2.2222222222222237e-05
4 13 0.00015555555555555573
5 13 0.0038888888888888892
6 13 0.0062222222222222245
7 13 0.0021777777777777798
11 13 0.00044444444444444485
12 13 0.011111111111111108
13 13 0.017777777777777778
14 13 0.0062222222222222288
18 13 0.00027777777777777799
19 13 0.0069444444444444415
20 13 0.01111111111111111
21 13 0.0038888888888888922
25 13 1.1111111111111127e-05
26 13 0.00027777777777777789
27 13 0.00044444444444444468
28 13 0.00015555555555555573
5 14 0.00031111111111111118
6 14 0.0021777777777777802
7 14 0.0037333333333333277
12 14 0.00088888888888888893
13 14 0.0062222222222222288
14 14 0.010666666666666644
19 14 0.00055555555555555556
20 14 0.0038888888888888922
21 14 0.0066666666666666558
26 14 2.2222222222222237e-05
27 14 0.00015555555555555573
28 14 0.0002666666666666663
1 15 0.00053333333333333347
2 15 0.00031111111111111107
3 15 4.4444444444444453e-05
8 15 0.0066666666666666662
9 15 0.0038888888888888888
10 15 0.00055555555555555566
15 15 0.017599999999999991
16 15 0.01026666666666667
17 15 0.0014666666666666671
22 15 0.0069333333333333365
23 15 0.0040444444444444451
24 15 0.00057777777777777808
29 15 0.00026666666666666668
30 15 0.00015555555555555554
31 15 2.2222222222222223e-05
1 16 0.00031111111111111107
2 16 0.00088888888888888893
3 16 0.00055555555555555545
4 16 2.2222222222222233e-05
8 16 0.0038888888888888888
9 16 0.011111111111111108
10 16 0.0069444444444444432
11 16 0.00027777777777777789
15 16 0.01026666666666667
16 16 0.029333333333333364
17 16 0.01833333333333333
18 16 0.00073333333333333356
22 16 0.0040444444444444451
23 16 0.011555555555555558
24 16 0.0072222222222222254
25 16 0.00028888888888888909
29 16 0.00015555555555555554
30 16 0.00044444444444444441
31 16 0.00027777777777777772
32 16 1.1111111111111115e-05
1 17 4.4444444444444453e-05
2 17 0.00055555555555555545
3 17 0.0014666666666666673
4 17 0.00057777777777777775
5 17 2.2222222222222223e-05
8 17 0.00055555555555555566
9 17 0.0069444444444444432
10 17 0.01833333333333333
11 17 0.0072222222222222219
12 17 0.00027777777777777772
15 17 0.0014666666666666673
16 17 0.01833333333333333
17 17 0.048399999999999985
18 17 0.019066666666666662
19 17 0.00073333333333333367
22 17 0.00057777777777777808
23 17 0.0072222222222222245
24 17 0.019066666666666676
25 17 0.0075111111111111142
26 17 0.00028888888888888898
29 17 2.2222222222222223e-05
30 17 0.00027777777777777772
31 17 0.00073333333333333367
32 17 0.00028888888888888888
33 17 1.1111111111111117e-05
2 18 2.2222222222222233e-05
3 18 0.00057777777777777775
4 18 0.0014666666666666682
5 18 0.00057777777777777786
6 18 2.222222222222225e-05
9 18 0.00027777777777777789
10 18 0.0072222222222222219
11 18 0.018333333333333337
12 18 0.0072222222222222228
13 18 0.00027777777777777799
16 18 0.00073333333333333356
17 18 0.019066666666666666
18 18 0.048400000000000006
19 18 0.019066666666666669
20 18 0.00073333333333333432
23 18 0.00028888888888888904
24 18 0.0075111111111111142
25 18 0.01906666666666668
26 18 0.007511111111111116
27 18 0.0002888888888888892
30 18 1.1111111111111115e-05
31 18 0.00028888888888888888
32 18 0.00073333333333333378
33 18 0.00028888888888888898
34 18 1.1111111111111125e-05
3 19 2.2222222222222223e-05
4 19 0.00057777777777777786
5 19 0.0014666666666666676
6 19 0.00055555555555555577
7 19 4.4444444444444467e-05
10 19 0.00027777777777777772
11 19 0.0072222222222222228
12 19 0.018333333333333323
13 19 0.0069444444444444415
14 19 0.00055555555555555556
17 19 0.00073333333333333367
18 19 0.019066666666666669
19 19 0.048399999999999985
20 19 0.018333333333333326
21 19 0.0014666666666666671
24 19 0.00028888888888888898
25 19 0.007511111111111116
26 19 0.019066666666666669
27 19 0.0072222222222222219
28 19 0.00057777777777777786
31 19 1.1111111111111118e-05
32 19 0.00028888888888888898
33 19 0.00073333333333333367
34 19 0.00027777777777777789
35 19 2.2222222222222233e-05
4 20 2.222222222222225e-05
5 20 0.00055555555555555577
6 20 0.00088888888888888904
7 20 0.00031111111111111134
11 20 0.00027777777777777799
12 20 0.0069444444444444415
13 20 0.011111111111111113
14 20 0.0038888888888888922
18 20 0.00073333333333333432
19 20 0.018333333333333326
20 20 0.029333333333333336
21 20 0.010266666666666681
25 20 0.00028888888888888926
26 20 0.0072222222222222219
27 20 0.011555555555555558
28 20 0.0040444444444444477
32 20 1.1111111111111129e-05
33 20 0.00027777777777777789
34 20 0.00044444444444444447
35 20 0.0001555555555555557
5 21 4.4444444444444467e-05
6 21 0.00031111111111111134
7 21 0.0005333333333333326
12 21 0.00055555555555555556
13 21 0.0038888888888888922
14 21 0.0066666666666666567
19 21 0.0014666666666666671
20 21 0.010266666666666681
21 21 0.017599999999999966
26 21 0.00057777777777777775
27 21 0.0040444444444444477
28 21 0.0069333333333333243
33 21 2.2222222222222233e-05
34 21 0.0001555555555555557
35 21 0.0002666666666666663
8 22 0.00026666666666666684
9 22 0.00015555555555555559
10 22 2.222222222222223e-05
15 22 0.0069333333333333365
16 22 0.0040444444444444451
17 22 0.00057777777777777808
22 22 0.017600000000000005
23 22 0.010266666666666672
24 22 0.001466666666666668
29 22 0.0069333333333333365
30 22 0.0040444444444444451
31 22 0.00057777777777777818
36 22 0.00026666666666666695
37 22 0.0001555555555555557
38 22 2.222222222222225e-05
8 23 0.00015555555555555559
9 23 0.00044444444444444457
10 23 0.00027777777777777783
11 23 1.1111111111111118e-05
15 23 0.0040444444444444451
16 23 0.011555555555555557
17 23 0.0072222222222222254
18 23 0.00028888888888888909
22 23 0.010266666666666674
23 23 0.029333333333333374
24 23 0.018333333333333337
25 23 0.0007333333333333341
29 23 0.0040444444444444451
30 23 0.011555555555555557
31 23 0.0072222222222222245
32 23 0.00028888888888888909
36 23 0.0001555555555555557
37 23 0.00044444444444444479
38 23 0.00027777777777777794
39 23 1.1111111111111124e-05
8 24 2.2222222222222233e-05
9 24 0.00027777777777777783
10 24 0.00073333333333333378
11 24 0.00028888888888888904
12 24 1.1111111111111118e-05
15 24 0.00057777777777777808
16 24 0.0072222222222222254
17 24 0.019066666666666676
18 24 0.0075111111111111142
19 24 0.00028888888888888898
22 24 0.001466666666666668
23 24 0.018333333333333337
24 24 0.048399999999999999
25 24 0.019066666666666676
26 24 0.00073333333333333388
29 24 0.00057777777777777818
30 24 0.0072222222222222245
31 24 0.019066666666666673
32 24 0.0075111111111111151
33 24 0.00028888888888888904
36 24 2.222222222222225e-05
37 24 0.00027777777777777799
38 24 0.00073333333333333432
39 24 0.00028888888888888926
40 24 1.1111111111111127e-05
9 25 1.1111111111111118e-05
10 25 0.00028888888888888904
11 25 0.0007333333333333341
12 25 0.00028888888888888904
13 25 1.1111111111111127e-05
16 25 0.00028888888888888909
17 25 0.0075111111111111142
18 25 0.019066666666666676
19 25 0.007511111111111116
20 25 0.00028888888888888926
23 25 0.0007333333333333341
24 25 0.019066666666666676
25 25 0.048400000000000019
26 25 0.01906666666666668
27 25 0.00073333333333333464
30 25 0.00028888888888888909
31 25 0.007511111111111116
32 25 0.01906666666666668
33 25 0.007511111111111116
34 25 0.00028888888888888926
37 25 1.1111111111111125e-05
38 25 0.0002888888888888892
39 25 0.00073333333333333464
40 25 0.00028888888888888926
41 25 1.1111111111111137e-05
10 26 1.1111111111111118e-05
11 26 0.00028888888888888904
12 26 0.00073333333333333367
13 26 0.00027777777777777794
14 26 2.2222222222222237e-05
17 26 0.00028888888888888898
18 26 0.007511111111111116
19 26 0.019066666666666669
20 26 0.0072222222222222228
21 26 0.00057777777777777786
24 26 0.00073333333333333388
25 26 0.019066666666666676
26 26 0.048400000000000012
27 26 0.018333333333333337
28 26 0.0014666666666666673
31 26 0.00028888888888888904
32 26 0.007511111111111116
33 26 0.019066666666666673
34 26 0.0072222222222222228
35 26 0.00057777777777777797
38 26 1.1111111111111127e-05
39 26 0.0002888888888888892
40 26 0.00073333333333333432
41 26 0.00027777777777777816
42 26 2.2222222222222254e-05
11 27 1.1111111111111125e-05
12 27 0.00027777777777777794
13 27 0.00044444444444444463
14 27 0.00015555555555555573
18 27 0.00028888888888888926
19 27 0.0072222222222222228
20 27 0.011555555555555558
21 27 0.0040444444444444477
25 27 0.00073333333333333464
26 27 0.018333333333333337
27 27 0.02933333333333335
28 27 0.010266666666666684
32 27 0.00028888888888888926
33 27 0.0072222222222222228
34 27 0.01155555555555556
35 27 0.0040444444444444477
39 27 1.1111111111111137e-05
40 27 0.00027777777777777816
41 27 0.00044444444444444506
42 27 0.00015555555555555589
12 28 2.2222222222222237e-05
13 28 0.00015555555555555573
14 28 0.0002666666666666663
19 28 0.00057777777777777786
20 28 0.0040444444444444477
21 28 0.0069333333333333226
26 28 0.0014666666666666673
27 28 0.010266666666666684
28 28 0.017599999999999977
33 28 0.00057777777777777797
34 28 0.0040444444444444477
35 28 0.0069333333333333252
40 28 2.2222222222222254e-05
41 28 0.00015555555555555589
42 28 0.00026666666666666657
15 29 0.00026666666666666668
16 29 0.00015555555555555554
17 29 2.2222222222222223e-05
22 29 0.0069333333333333365
23 29 0.0040444444444444451
24 29 0.00057777777777777818
29 29 0.017599999999999994
30 29 0.010266666666666667
31 29 0.0014666666666666671
36 29 0.0066666666666666688
37 29 0.0038888888888888883
38 29 0.00055555555555555566
43 29 0.00053333333333333336
44 29 0.00031111111111111113
45 29 4.4444444444444447e-05
15 30 0.00015555555555555554
16 30 0.00044444444444444441
17 30 0.00027777777777777772
18 30 1.1111111111111115e-05
22 30 0.0040444444444444451
23 30 0.011555555555555558
24 30 0.0072222222222222228
25 30 0.00028888888888888915
29 30 0.010266666666666667
30 30 0.029333333333333354
31 30 0.018333333333333326
32 30 0.00073333333333333356
36 30 0.0038888888888888883
37 30 0.011111111111111106
38 30 0.0069444444444444432
39 30 0.00027777777777777789
43 30 0.00031111111111111113
44 30 0.00088888888888888882
45 30 0.00055555555555555545
46 30 2.222222222222223e-05
15 31 2.2222222222222223e-05
16 31 0.00027777777777777772
17 31 0.00073333333333333356
18 31 0.00028888888888888888
19 31 1.1111111111111118e-05
22 31 0.00057777777777777818
23 31 0.0072222222222222245
24 31 0.019066666666666673
25 31 0.0075111111111111151
26 31 0.00028888888888888909
29 31 0.0014666666666666667
30 31 0.018333333333333326
31 31 0.048399999999999992
32 31 0.019066666666666669
33 31 0.00073333333333333356
36 31 0.00055555555555555566
37 31 0.0069444444444444432
38 31 0.018333333333333326
39 31 0.0072222222222222236
40 31 0.00027777777777777789
43 31 4.444444444444446e-05
44 31 0.00055555555555555534
45 31 0.0014666666666666673
46 31 0.00057777777777777775
47 31 2.2222222222222233e-05
16 32 1.1111111111111115e-05
17 32 0.00028888888888888888
18 32 0.00073333333333333378
19 32 0.00028888888888888898
20 32 1.1111111111111129e-05
23 32 0.00028888888888888915
24 32 0.0075111111111111151
25 32 0.01906666666666668
26 32 0.007511111111111116
27 32 0.00028888888888888926
30 32 0.00073333333333333356
31 32 0.019066666666666669
32 32 0.048400000000000019
33 32 0.019066666666666666
34 32 0.00073333333333333421
37 32 0.00027777777777777789
38 32 0.0072222222222222236
39 32 0.01833333333333333
40 32 0.0072222222222222254
41 32 0.00027777777777777821
44 32 2.222222222222223e-05
45 32 0.00057777777777777775
46 32 0.0014666666666666678
47 32 0.00057777777777777786
48 32 2.2222222222222257e-05
17 33 1.1111111111111118e-05
18 33 0.00028888888888888898
19 33 0.00073333333333333367
20 33 0.00027777777777777789
21 33 2.2222222222222233e-05
24 33 0.00028888888888888904
25 33 0.007511111111111116
26 33 0.019066666666666673
27 33 0.0072222222222222228
28 33 0.00057777777777777797
31 33 0.00073333333333333356
32 33 0.019066666666666666
33 33 0.048399999999999999
34 33 0.01833333333333333
35 33 0.0014666666666666671
38 33 0.00027777777777777794
39 33 0.0072222222222222245
40 33 0.018333333333333333
41 33 0.0069444444444444449
42 33 0.00055555555555555588
45 33 2.2222222222222233e-05
46 33 0.00057777777777777786
47 33 0.0014666666666666673
48 33 0.00055555555555555588
49 33 4.4444444444444467e-05
18 34 1.1111111111111129e-05
19 34 0.00027777777777777794
20 34 0.00044444444444444441
21 34 0.0001555555555555557
25 34 0.00028888888888888926
26 34 0.0072222222222222245
27 34 0.011555555555555562
28 34 0.0040444444444444477
32 34 0.00073333333333333421
33 34 0.01833333333333333
34 34 0.029333333333333343
35 34 0.010266666666666679
39 34 0.00027777777777777821
40 34 0.0069444444444444432
41 34 0.01111111111111111
42 34 0.0038888888888888927
46 34 2.2222222222222257e-05
47 34 0.00055555555555555588
48 34 0.00088888888888888904
49 34 0.00031111111111111145
19 35 2.2222222222222233e-05
20 35 0.0001555555555555557
21 35 0.0002666666666666663
26 35 0.00057777777777777797
27 35 0.0040444444444444477
28 35 0.0069333333333333235
33 35 0.0014666666666666671
34 35 0.010266666666666679
35 35 0.017599999999999963
40 35 0.00055555555555555588
41 35 0.0038888888888888927
42 35 0.0066666666666666567
47 35 4.4444444444444467e-05
48 35 0.00031111111111111145
49 35 0.0005333333333333326
22 36 0.00026666666666666695
23 36 0.0001555555555555557
24 36 2.222222222222225e-05
29 36 0.006666666666666668
30 36 0.0038888888888888883
31 36 0.00055555555555555566
36 36 0.010666666666666666
37 36 0.0062222222222222245
38 36 0.00088888888888888926
43 36 0.0037333333333333368
44 36 0.0021777777777777793
45 36 0.0003111111111111114
22 37 0.0001555555555555557
23 37 0.00044444444444444479
24 37 0.00027777777777777794
25 37 1.1111111111111124e-05
29 37 0.0038888888888888883
30 37 0.011111111111111108
31 37 0.0069444444444444432
32 37 0.00027777777777777789
36 37 0.0062222222222222245
37 37 0.017777777777777785
38 37 0.011111111111111112
39 37 0.00044444444444444479
43 37 0.0021777777777777793
44 37 0.0062222222222222279
45 37 0.0038888888888888914
46 37 0.00015555555555555575
22 38 2.222222222222225e-05
23 38 0.00027777777777777794
24 38 0.00073333333333333432
25 38 0.0002888888888888892
26 38 1.1111111111111129e-05
29 38 0.00055555555555555566
30 38 0.0069444444444444432
31 38 0.018333333333333333
32 38 0.0072222222222222236
33 38 0.00027777777777777789
36 38 0.00088888888888888926
37 38 0.011111111111111112
38 38 0.02933333333333334
39 38 0.011555555555555558
40 38 0.00044444444444444457
43 38 0.0003111111111111114
44 38 0.0038888888888888914
45 38 0.010266666666666681
46 38 0.0040444444444444469
47 38 0.00015555555555555573
23 39 1.1111111111111124e-05
24 39 0.00028888888888888926
25 39 0.00073333333333333464
26 39 0.0002888888888888892
27 39 1.1111111111111137e-05
30 39 0.00027777777777777789
31 39 0.0072222222222222245
32 39 0.018333333333333333
33 39 0.0072222222222222254
34 39 0.00027777777777777816
37 39 0.00044444444444444479
38 39 0.011555555555555558
39 39 0.029333333333333354
40 39 0.01155555555555556
41 39 0.00044444444444444506
44 39 0.00015555555555555575
45 39 0.0040444444444444469
46 39 0.010266666666666681
47 39 0.0040444444444444469
48 39 0.00015555555555555592
24 40 1.1111111111111129e-05
25 40 0.0002888888888888892
26 40 0.00073333333333333432
27 40 0.00027777777777777816
28 40 2.2222222222222254e-05
31 40 0.00027777777777777794
32 40 0.0072222222222222254
33 40 0.018333333333333333
34 40 0.0069444444444444449
35 40 0.00055555555555555588
38 40 0.00044444444444444457
39 40 0.01155555555555556
40 40 0.02933333333333334
41 40 0.011111111111111113
42 40 0.00088888888888888926
45 40 0.00015555555555555573
46 40 0.0040444444444444469
47 40 0.010266666666666679
48 40 0.0038888888888888922
49 40 0.0003111111111111114
25 41 1.1111111111111139e-05
26 41 0.00027777777777777816
27 41 0.00044444444444444501
28 41 0.00015555555555555589
32 41 0.00027777777777777816
33 41 0.0069444444444444449
34 41 0.01111111111111111
35 41 0.0038888888888888927
39 41 0.00044444444444444506
40 41 0.011111111111111113
41 41 0.017777777777777778
42 41 0.0062222222222222279
46 41 0.00015555555555555592
47 41 0.0038888888888888922
48 41 0.0062222222222222279
49 41 0.0021777777777777824
26 42 2.2222222222222254e-05
27 42 0.00015555555555555589
28 42 0.00026666666666666657
33 42 0.00055555555555555588
34 42 0.0038888888888888927
35 42 0.0066666666666666567
40 42 0.00088888888888888915
41 42 0.0062222222222222279
42 42 0.010666666666666649
47 42 0.0003111111111111114
48 42 0.0021777777777777824
49 42 0.0037333333333333307
29 43 0.00053333333333333336
30 43 0.00031111111111111113
31 43 4.444444444444446e-05
36 43 0.0037333333333333368
37 43 0.0021777777777777793
38 43 0.0003111111111111114
43 43 0.006399999999999989
44 43 0.0037333333333333272
45 43 0.00053333333333333249
29 44 0.00031111111111111113
30 44 0.00088888888888888882
31 44 0.00055555555555555545
32 44 2.222222222222223e-05
36 44 0.0021777777777777793
37 44 0.0062222222222222288
38 44 0.0038888888888888914
39 44 0.00015555555555555575
43 44 0.0037333333333333281
44 44 0.010666666666666644
45 44 0.0066666666666666558
46 44 0.0002666666666666663
29 45 4.444444444444446e-05
30 45 0.00055555555555555545
31 45 0.0014666666666666671
32 45 0.00057777777777777786
33 45 2.2222222222222233e-05
36 45 0.0003111111111111114
37 45 0.0038888888888888914
38 45 0.010266666666666681
39 45 0.0040444444444444469
40 45 0.00015555555555555573
43 45 0.00053333333333333249
44 45 0.0066666666666666558
45 45 0.017599999999999966
46 45 0.0069333333333333226
47 45 0.0002666666666666663
30 46 2.222222222222223e-05
31 46 0.00057777777777777775
32 46 0.0014666666666666673
33 46 0.00057777777777777786
34 46 2.2222222222222257e-05
37 46 0.00015555555555555575
38 46 0.0040444444444444469
39 46 0.010266666666666684
40 46 0.0040444444444444477
41 46 0.00015555555555555592
44 46 0.00026666666666666635
45 46 0.0069333333333333226
46 46 0.017599999999999973
47 46 0.0069333333333333235
48 46 0.00026666666666666663
31 47 2.2222222222222233e-05
32 47 0.00057777777777777786
33 47 0.0014666666666666671
34 47 0.00055555555555555588
35 47 4.4444444444444467e-05
38 47 0.00015555555555555573
39 47 0.0040444444444444477
40 47 0.010266666666666679
41 47 0.0038888888888888922
42 47 0.00031111111111111145
45 47 0.0002666666666666663
46 47 0.0069333333333333235
47 47 0.017599999999999963
48 47 0.0066666666666666558
49 47 0.0005333333333333326
32 48 2.2222222222222257e-05
33 48 0.00055555555555555588
34 48 0.00088888888888888915
35 48 0.00031111111111111145
39 48 0.00015555555555555592
40 48 0.0038888888888888922
41 48 0.0062222222222222279
42 48 0.0021777777777777824
46 48 0.00026666666666666663
47 48 0.0066666666666666558
48 48 0.010666666666666649
49 48 0.0037333333333333307
33 49 4.4444444444444467e-05
34 49 0.0003111111111111114
35 49 0.0005333333333333326
40 49 0.00031111111111111145
41 49 0.0021777777777777824
42 49 0.0037333333333333311
47 49 0.0005333333333333326
48 49 0.0037333333333333307
49 49 0.0063999999999999795


