# Created by Octave 5.2.0, Tue Oct 26 13:03:02 2021 CEST <omen@omen-linux>
# name: riga_7
# type: sparse matrix
# nnz: 1521
# rows: 81
# columns: 81
1 1 0.0032653061224489788
2 1 0.0019047619047619045
3 1 0.0002721088435374149
10 1 0.0019047619047619048
11 1 0.0011111111111111115
12 1 0.00015873015873015876
19 1 0.0002721088435374149
20 1 0.00015873015873015876
21 1 2.2675736961451258e-05
1 2 0.0019047619047619045
2 2 0.0054421768707483024
3 2 0.0034013605442176865
4 2 0.00013605442176870742
10 2 0.0011111111111111115
11 2 0.0031746031746031737
12 2 0.0019841269841269845
13 2 7.9365079365079351e-05
19 2 0.00015873015873015876
20 2 0.00045351473922902518
21 2 0.00028344671201814071
22 2 1.1337868480725626e-05
1 3 0.0002721088435374149
2 3 0.0034013605442176865
3 3 0.0089795918367346957
4 3 0.0035374149659863951
5 3 0.00013605442176870748
10 3 0.00015873015873015876
11 3 0.0019841269841269845
12 3 0.0052380952380952405
13 3 0.0020634920634920641
14 3 7.9365079365079379e-05
19 3 2.2675736961451258e-05
20 3 0.00028344671201814071
21 3 0.00074829931972789142
22 3 0.00029478458049886634
23 3 1.1337868480725631e-05
2 4 0.00013605442176870742
3 4 0.0035374149659863951
4 4 0.008979591836734694
5 4 0.0035374149659863929
6 4 0.00013605442176870745
11 4 7.9365079365079351e-05
12 4 0.0020634920634920641
13 4 0.0052380952380952396
14 4 0.0020634920634920633
15 4 7.9365079365079351e-05
20 4 1.1337868480725626e-05
21 4 0.00029478458049886634
22 4 0.00074829931972789131
23 4 0.00029478458049886613
24 4 1.1337868480725624e-05
3 5 0.00013605442176870748
4 5 0.0035374149659863929
5 5 0.008979591836734694
6 5 0.0035374149659863964
7 5 0.00013605442176870748
12 5 7.9365079365079379e-05
13 5 0.0020634920634920633
14 5 0.0052380952380952413
15 5 0.0020634920634920646
16 5 7.9365079365079379e-05
21 5 1.1337868480725631e-05
22 5 0.00029478458049886613
23 5 0.00074829931972789164
24 5 0.00029478458049886634
25 5 1.1337868480725627e-05
4 6 0.00013605442176870745
5 6 0.0035374149659863959
6 6 0.0089795918367346923
7 6 0.0035374149659863933
8 6 0.00013605442176870729
13 6 7.9365079365079351e-05
14 6 0.0020634920634920646
15 6 0.0052380952380952379
16 6 0.0020634920634920628
17 6 7.936507936507927e-05
22 6 1.1337868480725624e-05
23 6 0.00029478458049886634
24 6 0.00074829931972789142
25 6 0.00029478458049886629
26 6 1.1337868480725614e-05
5 7 0.00013605442176870748
6 7 0.0035374149659863929
7 7 0.0089795918367346923
8 7 0.0034013605442176865
9 7 0.00027210884353741501
14 7 7.9365079365079379e-05
15 7 0.0020634920634920628
16 7 0.0052380952380952387
17 7 0.0019841269841269836
18 7 0.00015873015873015876
23 7 1.1337868480725627e-05
24 7 0.00029478458049886629
25 7 0.00074829931972789131
26 7 0.0002834467120181406
27 7 2.2675736961451254e-05
6 8 0.00013605442176870732
7 8 0.0034013605442176865
8 8 0.0054421768707482929
9 8 0.001904761904761908
15 8 7.936507936507927e-05
16 8 0.0019841269841269836
17 8 0.0031746031746031724
18 8 0.0011111111111111128
24 8 1.1337868480725614e-05
25 8 0.0002834467120181406
26 8 0.00045351473922902464
27 8 0.000158730158730159
7 9 0.00027210884353741501
8 9 0.001904761904761908
9 9 0.0032653061224489767
16 9 0.00015873015873015876
17 9 0.0011111111111111128
18 9 0.0019047619047619032
25 9 2.2675736961451254e-05
26 9 0.000158730158730159
27 9 0.0002721088435374148
1 10 0.0019047619047619048
2 10 0.0011111111111111115
3 10 0.00015873015873015876
10 10 0.0054421768707483015
11 10 0.0031746031746031733
12 10 0.00045351473922902513
19 10 0.0034013605442176869
20 10 0.0019841269841269836
21 10 0.00028344671201814065
28 10 0.00013605442176870742
29 10 7.9365079365079338e-05
30 10 1.1337868480725626e-05
1 11 0.0011111111111111115
2 11 0.0031746031746031737
3 11 0.0019841269841269845
4 11 7.9365079365079351e-05
10 11 0.0031746031746031737
11 11 0.0090702947845804974
12 11 0.0056689342403628117
13 11 0.00022675736961451251
19 11 0.0019841269841269836
20 11 0.0056689342403628109
21 11 0.0035430839002267584
22 11 0.00014172335600907027
28 11 7.9365079365079338e-05
29 11 0.00022675736961451254
30 11 0.00014172335600907027
31 11 5.6689342403628111e-06
1 12 0.00015873015873015873
2 12 0.0019841269841269845
3 12 0.0052380952380952405
4 12 0.0020634920634920641
5 12 7.9365079365079379e-05
10 12 0.00045351473922902513
11 12 0.0056689342403628109
12 12 0.014965986394557821
13 12 0.005895691609977328
14 12 0.00022675736961451256
19 12 0.00028344671201814065
20 12 0.0035430839002267584
21 12 0.0093537414965986377
22 12 0.0036848072562358277
23 12 0.00014172335600907035
28 12 1.1337868480725626e-05
29 12 0.0001417233560090703
30 12 0.00037414965986394549
31 12 0.00014739229024943312
32 12 5.6689342403628136e-06
2 13 7.9365079365079351e-05
3 13 0.0020634920634920641
4 13 0.0052380952380952405
5 13 0.0020634920634920628
6 13 7.9365079365079351e-05
11 13 0.00022675736961451251
12 13 0.005895691609977328
13 13 0.014965986394557818
14 13 0.0058956916099773228
15 13 0.00022675736961451246
20 13 0.00014172335600907027
21 13 0.0036848072562358281
22 13 0.0093537414965986342
23 13 0.0036848072562358268
24 13 0.00014172335600907024
29 13 5.6689342403628111e-06
30 13 0.00014739229024943312
31 13 0.00037414965986394555
32 13 0.00014739229024943301
33 13 5.6689342403628102e-06
3 14 7.9365079365079379e-05
4 14 0.0020634920634920628
5 14 0.0052380952380952422
6 14 0.0020634920634920646
7 14 7.9365079365079379e-05
12 14 0.00022675736961451256
13 14 0.0058956916099773228
14 14 0.014965986394557826
15 14 0.0058956916099773288
16 14 0.00022675736961451259
21 14 0.00014172335600907035
22 14 0.0036848072562358268
23 14 0.0093537414965986394
24 14 0.003684807256235829
25 14 0.00014172335600907035
30 14 5.6689342403628136e-06
31 14 0.00014739229024943301
32 14 0.00037414965986394566
33 14 0.00014739229024943317
34 14 5.6689342403628128e-06
4 15 7.9365079365079351e-05
5 15 0.0020634920634920646
6 15 0.0052380952380952387
7 15 0.0020634920634920628
8 15 7.936507936507927e-05
13 15 0.00022675736961451246
14 15 0.0058956916099773288
15 15 0.014965986394557818
16 15 0.0058956916099773245
17 15 0.00022675736961451227
22 15 0.00014172335600907024
23 15 0.003684807256235829
24 15 0.0093537414965986342
25 15 0.003684807256235826
26 15 0.00014172335600907011
31 15 5.6689342403628102e-06
32 15 0.00014739229024943317
33 15 0.00037414965986394549
34 15 0.00014739229024943301
35 15 5.6689342403628051e-06
5 16 7.9365079365079379e-05
6 16 0.0020634920634920628
7 16 0.0052380952380952387
8 16 0.0019841269841269836
9 16 0.00015873015873015876
14 16 0.00022675736961451259
15 16 0.0058956916099773245
16 16 0.014965986394557823
17 16 0.0056689342403628091
18 16 0.00045351473922902513
23 16 0.00014172335600907035
24 16 0.003684807256235826
25 16 0.0093537414965986394
26 16 0.0035430839002267567
27 16 0.00028344671201814065
32 16 5.6689342403628128e-06
33 16 0.00014739229024943304
34 16 0.00037414965986394555
35 16 0.0001417233560090703
36 16 1.1337868480725624e-05
6 17 7.936507936507927e-05
7 17 0.0019841269841269836
8 17 0.003174603174603172
9 17 0.0011111111111111128
15 17 0.00022675736961451227
16 17 0.0056689342403628091
17 17 0.0090702947845804887
18 17 0.0031746031746031798
24 17 0.00014172335600907011
25 17 0.0035430839002267567
26 17 0.0056689342403628083
27 17 0.0019841269841269875
33 17 5.6689342403628051e-06
34 17 0.0001417233560090703
35 17 0.00022675736961451227
36 17 7.9365079365079501e-05
7 18 0.00015873015873015878
8 18 0.0011111111111111128
9 18 0.0019047619047619035
16 18 0.00045351473922902524
17 18 0.0031746031746031798
18 18 0.0054421768707482981
25 18 0.00028344671201814065
26 18 0.0019841269841269875
27 18 0.0034013605442176848
34 18 1.1337868480725624e-05
35 18 7.9365079365079501e-05
36 18 0.00013605442176870734
1 19 0.0002721088435374149
2 19 0.00015873015873015873
3 19 2.2675736961451258e-05
10 19 0.0034013605442176869
11 19 0.0019841269841269836
12 19 0.00028344671201814065
19 19 0.008979591836734694
20 19 0.0052380952380952396
21 19 0.00074829931972789142
28 19 0.0035374149659863951
29 19 0.0020634920634920637
30 19 0.00029478458049886634
37 19 0.00013605442176870745
38 19 7.9365079365079365e-05
39 19 1.1337868480725629e-05
1 20 0.00015873015873015873
2 20 0.00045351473922902518
3 20 0.00028344671201814071
4 20 1.1337868480725626e-05
10 20 0.0019841269841269836
11 20 0.00566893424036281
12 20 0.0035430839002267584
13 20 0.00014172335600907027
19 20 0.0052380952380952396
20 20 0.014965986394557823
21 20 0.0093537414965986377
22 20 0.00037414965986394549
28 20 0.0020634920634920637
29 20 0.0058956916099773288
30 20 0.0036848072562358273
31 20 0.00014739229024943312
37 20 7.9365079365079365e-05
38 20 0.00022675736961451256
39 20 0.00014172335600907033
40 20 5.6689342403628128e-06
1 21 2.2675736961451258e-05
2 21 0.00028344671201814071
3 21 0.00074829931972789142
4 21 0.00029478458049886634
5 21 1.1337868480725631e-05
10 21 0.00028344671201814065
11 21 0.0035430839002267584
12 21 0.0093537414965986377
13 21 0.0036848072562358281
14 21 0.00014172335600907035
19 21 0.0007482993197278912
20 21 0.0093537414965986377
21 21 0.024693877551020444
22 21 0.0097278911564625866
23 21 0.00037414965986394571
28 21 0.00029478458049886634
29 21 0.0036848072562358273
30 21 0.0097278911564625814
31 21 0.0038321995464852612
32 21 0.00014739229024943317
37 21 1.1337868480725629e-05
38 21 0.00014172335600907035
39 21 0.0003741496598639456
40 21 0.0001473922902494332
41 21 5.6689342403628144e-06
2 22 1.1337868480725626e-05
3 22 0.00029478458049886634
4 22 0.00074829931972789131
5 22 0.00029478458049886613
6 22 1.1337868480725624e-05
11 22 0.00014172335600907027
12 22 0.0036848072562358281
13 22 0.0093537414965986342
14 22 0.0036848072562358268
15 22 0.00014172335600907024
20 22 0.00037414965986394549
21 22 0.0097278911564625866
22 22 0.024693877551020448
23 22 0.0097278911564625797
24 22 0.00037414965986394538
29 22 0.00014739229024943312
30 22 0.0038321995464852612
31 22 0.0097278911564625797
32 22 0.0038321995464852591
33 22 0.00014739229024943315
38 22 5.6689342403628128e-06
39 22 0.0001473922902494332
40 22 0.00037414965986394555
41 22 0.00014739229024943312
42 22 5.6689342403628119e-06
3 23 1.1337868480725631e-05
4 23 0.00029478458049886613
5 23 0.00074829931972789164
6 23 0.00029478458049886634
7 23 1.1337868480725627e-05
12 23 0.00014172335600907035
13 23 0.0036848072562358268
14 23 0.0093537414965986394
15 23 0.003684807256235829
16 23 0.00014172335600907035
21 23 0.00037414965986394571
22 23 0.0097278911564625797
23 23 0.024693877551020444
24 23 0.0097278911564625901
25 23 0.00037414965986394576
30 23 0.00014739229024943317
31 23 0.0038321995464852591
32 23 0.0097278911564625814
33 23 0.0038321995464852634
34 23 0.00014739229024943323
39 23 5.6689342403628144e-06
40 23 0.00014739229024943312
41 23 0.00037414965986394571
42 23 0.00014739229024943325
43 23 5.6689342403628144e-06
4 24 1.1337868480725624e-05
5 24 0.00029478458049886634
6 24 0.00074829931972789142
7 24 0.00029478458049886629
8 24 1.1337868480725614e-05
13 24 0.00014172335600907022
14 24 0.0036848072562358299
15 24 0.0093537414965986342
16 24 0.003684807256235826
17 24 0.00014172335600907011
22 24 0.00037414965986394538
23 24 0.0097278911564625901
24 24 0.02469387755102043
25 24 0.0097278911564625831
26 24 0.00037414965986394506
31 24 0.00014739229024943312
32 24 0.0038321995464852638
33 24 0.0097278911564625745
34 24 0.0038321995464852591
35 24 0.00014739229024943301
40 24 5.6689342403628119e-06
41 24 0.00014739229024943325
42 24 0.00037414965986394555
43 24 0.00014739229024943312
44 24 5.668934240362806e-06
5 25 1.1337868480725627e-05
6 25 0.00029478458049886629
7 25 0.00074829931972789131
8 25 0.0002834467120181406
9 25 2.2675736961451254e-05
14 25 0.00014172335600907035
15 25 0.003684807256235826
16 25 0.0093537414965986394
17 25 0.0035430839002267562
18 25 0.00028344671201814071
23 25 0.00037414965986394576
24 25 0.0097278911564625831
25 25 0.024693877551020444
26 25 0.0093537414965986446
27 25 0.00074829931972789142
32 25 0.00014739229024943323
33 25 0.0038321995464852591
34 25 0.0097278911564625779
35 25 0.003684807256235826
36 25 0.00029478458049886651
41 25 5.6689342403628144e-06
42 25 0.00014739229024943312
43 25 0.00037414965986394555
44 25 0.00014172335600907035
45 25 1.1337868480725629e-05
6 26 1.1337868480725614e-05
7 26 0.0002834467120181406
8 26 0.00045351473922902475
9 26 0.000158730158730159
15 26 0.00014172335600907011
16 26 0.0035430839002267562
17 26 0.0056689342403628083
18 26 0.0019841269841269875
24 26 0.00037414965986394511
25 26 0.0093537414965986464
26 26 0.014965986394557811
27 26 0.0052380952380952483
33 26 0.00014739229024943301
34 26 0.003684807256235826
35 26 0.005895691609977321
36 26 0.0020634920634920676
42 26 5.668934240362806e-06
43 26 0.00014172335600907033
44 26 0.00022675736961451237
45 26 7.9365079365079528e-05
7 27 2.2675736961451254e-05
8 27 0.00015873015873015903
9 27 0.0002721088435374148
16 27 0.00028344671201814071
17 27 0.0019841269841269875
18 27 0.0034013605442176848
25 27 0.00074829931972789142
26 27 0.0052380952380952483
27 27 0.0089795918367346923
34 27 0.00029478458049886651
35 27 0.0020634920634920676
36 27 0.0035374149659863942
43 27 1.1337868480725629e-05
44 27 7.9365079365079514e-05
45 27 0.0001360544217687074
10 28 0.00013605442176870742
11 28 7.9365079365079338e-05
12 28 1.1337868480725626e-05
19 28 0.0035374149659863955
20 28 0.0020634920634920637
21 28 0.00029478458049886634
28 28 0.0089795918367346923
29 28 0.0052380952380952396
30 28 0.0007482993197278912
37 28 0.0035374149659863929
38 28 0.0020634920634920624
39 28 0.00029478458049886618
46 28 0.0001360544217687074
47 28 7.9365079365079338e-05
48 28 1.1337868480725624e-05
10 29 7.9365079365079338e-05
11 29 0.00022675736961451254
12 29 0.0001417233560090703
13 29 5.6689342403628111e-06
19 29 0.0020634920634920637
20 29 0.0058956916099773288
21 29 0.0036848072562358273
22 29 0.00014739229024943312
28 29 0.0052380952380952396
29 29 0.014965986394557819
30 29 0.009353741496598636
31 29 0.00037414965986394555
37 29 0.0020634920634920624
38 29 0.0058956916099773228
39 29 0.0036848072562358255
40 29 0.00014739229024943304
46 29 7.9365079365079338e-05
47 29 0.00022675736961451248
48 29 0.00014172335600907024
49 29 5.6689342403628102e-06
10 30 1.1337868480725626e-05
11 30 0.0001417233560090703
12 30 0.00037414965986394555
13 30 0.00014739229024943315
14 30 5.6689342403628136e-06
19 30 0.00029478458049886634
20 30 0.0036848072562358273
21 30 0.0097278911564625814
22 30 0.0038321995464852612
23 30 0.00014739229024943317
28 30 0.0007482993197278912
29 30 0.009353741496598636
30 30 0.024693877551020444
31 30 0.0097278911564625849
32 30 0.00037414965986394571
37 30 0.00029478458049886618
38 30 0.003684807256235826
39 30 0.009727891156462571
40 30 0.0038321995464852582
41 30 0.00014739229024943312
46 30 1.1337868480725624e-05
47 30 0.00014172335600907024
48 30 0.00037414965986394544
49 30 0.00014739229024943312
50 30 5.6689342403628119e-06
11 31 5.6689342403628111e-06
12 31 0.00014739229024943315
13 31 0.00037414965986394555
14 31 0.00014739229024943301
15 31 5.6689342403628102e-06
20 31 0.00014739229024943315
21 31 0.0038321995464852608
22 31 0.0097278911564625797
23 31 0.0038321995464852591
24 31 0.00014739229024943312
29 31 0.00037414965986394555
30 31 0.0097278911564625849
31 31 0.024693877551020444
32 31 0.0097278911564625797
33 31 0.00037414965986394538
38 31 0.00014739229024943304
39 31 0.0038321995464852591
40 31 0.009727891156462571
41 31 0.0038321995464852573
42 31 0.00014739229024943304
47 31 5.6689342403628102e-06
48 31 0.00014739229024943312
49 31 0.00037414965986394544
50 31 0.00014739229024943296
51 31 5.6689342403628094e-06
12 32 5.6689342403628136e-06
13 32 0.00014739229024943301
14 32 0.00037414965986394566
15 32 0.00014739229024943317
16 32 5.6689342403628128e-06
21 32 0.00014739229024943317
22 32 0.0038321995464852591
23 32 0.0097278911564625814
24 32 0.0038321995464852638
25 32 0.00014739229024943323
30 32 0.00037414965986394571
31 32 0.0097278911564625797
32 32 0.024693877551020441
33 32 0.0097278911564625883
34 32 0.00037414965986394571
39 32 0.00014739229024943315
40 32 0.0038321995464852573
41 32 0.0097278911564625745
42 32 0.0038321995464852599
43 32 0.00014739229024943312
48 32 5.6689342403628119e-06
49 32 0.00014739229024943296
50 32 0.00037414965986394555
51 32 0.00014739229024943315
52 32 5.6689342403628111e-06
13 33 5.6689342403628102e-06
14 33 0.00014739229024943317
15 33 0.00037414965986394549
16 33 0.00014739229024943304
17 33 5.6689342403628051e-06
22 33 0.00014739229024943312
23 33 0.0038321995464852638
24 33 0.0097278911564625745
25 33 0.0038321995464852591
26 33 0.00014739229024943301
31 33 0.00037414965986394533
32 33 0.0097278911564625883
33 33 0.02469387755102043
34 33 0.0097278911564625797
35 33 0.00037414965986394506
40 33 0.00014739229024943301
41 33 0.0038321995464852599
42 33 0.0097278911564625693
43 33 0.0038321995464852578
44 33 0.00014739229024943287
49 33 5.6689342403628094e-06
50 33 0.00014739229024943317
51 33 0.00037414965986394538
52 33 0.00014739229024943296
53 33 5.6689342403628034e-06
14 34 5.6689342403628128e-06
15 34 0.00014739229024943301
16 34 0.00037414965986394555
17 34 0.0001417233560090703
18 34 1.1337868480725624e-05
23 34 0.00014739229024943323
24 34 0.0038321995464852591
25 34 0.0097278911564625762
26 34 0.003684807256235826
27 34 0.00029478458049886645
32 34 0.00037414965986394571
33 34 0.0097278911564625831
34 34 0.024693877551020441
35 34 0.0093537414965986412
36 34 0.00074829931972789131
41 34 0.00014739229024943312
42 34 0.0038321995464852578
43 34 0.0097278911564625745
44 34 0.0036848072562358247
45 34 0.00029478458049886618
50 34 5.6689342403628119e-06
51 34 0.00014739229024943296
52 34 0.00037414965986394544
53 34 0.00014172335600907027
54 34 1.1337868480725624e-05
15 35 5.6689342403628051e-06
16 35 0.0001417233560090703
17 35 0.00022675736961451227
18 35 7.9365079365079501e-05
24 35 0.00014739229024943301
25 35 0.003684807256235826
26 35 0.005895691609977321
27 35 0.0020634920634920672
33 35 0.00037414965986394506
34 35 0.0093537414965986412
35 35 0.014965986394557811
36 35 0.0052380952380952474
42 35 0.00014739229024943287
43 35 0.0036848072562358242
44 35 0.0058956916099773184
45 35 0.0020634920634920659
51 35 5.6689342403628034e-06
52 35 0.00014172335600907027
53 35 0.00022675736961451224
54 35 7.9365079365079487e-05
16 36 1.1337868480725624e-05
17 36 7.9365079365079501e-05
18 36 0.00013605442176870734
25 36 0.00029478458049886645
26 36 0.0020634920634920672
27 36 0.0035374149659863933
34 36 0.0007482993197278912
35 36 0.0052380952380952474
36 36 0.0089795918367346871
43 36 0.00029478458049886618
44 36 0.0020634920634920663
45 36 0.0035374149659863916
52 36 1.1337868480725624e-05
53 36 7.9365079365079487e-05
54 36 0.00013605442176870737
19 37 0.00013605442176870748
20 37 7.9365079365079365e-05
21 37 1.1337868480725629e-05
28 37 0.0035374149659863929
29 37 0.0020634920634920624
30 37 0.00029478458049886618
37 37 0.0089795918367346957
38 37 0.0052380952380952413
39 37 0.00074829931972789153
46 37 0.0035374149659863964
47 37 0.0020634920634920641
48 37 0.0002947845804988664
55 37 0.00013605442176870751
56 37 7.9365079365079365e-05
57 37 1.1337868480725627e-05
19 38 7.9365079365079365e-05
20 38 0.00022675736961451259
21 38 0.00014172335600907035
22 38 5.6689342403628128e-06
28 38 0.0020634920634920624
29 38 0.0058956916099773228
30 38 0.003684807256235826
31 38 0.00014739229024943304
37 38 0.0052380952380952413
38 38 0.014965986394557826
39 38 0.0093537414965986377
40 38 0.00037414965986394555
46 38 0.0020634920634920641
47 38 0.0058956916099773297
48 38 0.003684807256235829
49 38 0.00014739229024943317
55 38 7.9365079365079365e-05
56 38 0.00022675736961451254
57 38 0.00014172335600907038
58 38 5.6689342403628128e-06
19 39 1.1337868480725629e-05
20 39 0.00014172335600907035
21 39 0.00037414965986394566
22 39 0.0001473922902494332
23 39 5.6689342403628144e-06
28 39 0.00029478458049886618
29 39 0.003684807256235826
30 39 0.009727891156462571
31 39 0.0038321995464852591
32 39 0.00014739229024943312
37 39 0.00074829931972789142
38 39 0.0093537414965986377
39 39 0.024693877551020448
40 39 0.0097278911564625883
41 39 0.00037414965986394571
46 39 0.0002947845804988664
47 39 0.003684807256235829
48 39 0.0097278911564625831
49 39 0.0038321995464852617
50 39 0.00014739229024943325
55 39 1.1337868480725627e-05
56 39 0.00014172335600907038
57 39 0.00037414965986394566
58 39 0.00014739229024943323
59 39 5.6689342403628153e-06
20 40 5.6689342403628128e-06
21 40 0.0001473922902494332
22 40 0.0003741496598639456
23 40 0.00014739229024943312
24 40 5.6689342403628119e-06
29 40 0.00014739229024943304
30 40 0.0038321995464852582
31 40 0.009727891156462571
32 40 0.0038321995464852573
33 40 0.00014739229024943301
38 40 0.00037414965986394555
39 40 0.0097278911564625883
40 40 0.024693877551020448
41 40 0.0097278911564625831
42 40 0.00037414965986394544
47 40 0.00014739229024943317
48 40 0.0038321995464852625
49 40 0.0097278911564625831
50 40 0.0038321995464852612
51 40 0.00014739229024943317
56 40 5.6689342403628128e-06
57 40 0.00014739229024943323
58 40 0.00037414965986394566
59 40 0.00014739229024943309
60 40 5.6689342403628111e-06
21 41 5.6689342403628144e-06
22 41 0.00014739229024943312
23 41 0.00037414965986394571
24 41 0.00014739229024943325
25 41 5.6689342403628136e-06
30 41 0.00014739229024943312
31 41 0.0038321995464852573
32 41 0.0097278911564625745
33 41 0.0038321995464852599
34 41 0.00014739229024943312
39 41 0.00037414965986394571
40 41 0.0097278911564625831
41 41 0.024693877551020451
42 41 0.0097278911564625918
43 41 0.00037414965986394582
48 41 0.00014739229024943325
49 41 0.0038321995464852612
50 41 0.0097278911564625866
51 41 0.0038321995464852647
52 41 0.0001473922902494332
57 41 5.6689342403628153e-06
58 41 0.00014739229024943309
59 41 0.00037414965986394576
60 41 0.00014739229024943323
61 41 5.6689342403628128e-06
22 42 5.6689342403628119e-06
23 42 0.00014739229024943325
24 42 0.00037414965986394555
25 42 0.00014739229024943309
26 42 5.668934240362806e-06
31 42 0.00014739229024943304
32 42 0.0038321995464852599
33 42 0.0097278911564625693
34 42 0.0038321995464852578
35 42 0.0001473922902494329
40 42 0.00037414965986394549
41 42 0.0097278911564625918
42 42 0.024693877551020437
43 42 0.0097278911564625831
44 42 0.00037414965986394517
49 42 0.00014739229024943317
50 42 0.0038321995464852647
51 42 0.0097278911564625779
52 42 0.0038321995464852599
53 42 0.00014739229024943301
58 42 5.6689342403628111e-06
59 42 0.00014739229024943317
60 42 0.00037414965986394555
61 42 0.00014739229024943317
62 42 5.668934240362806e-06
23 43 5.6689342403628153e-06
24 43 0.00014739229024943309
25 43 0.00037414965986394555
26 43 0.00014172335600907033
27 43 1.1337868480725627e-05
32 43 0.00014739229024943312
33 43 0.0038321995464852578
34 43 0.0097278911564625727
35 43 0.0036848072562358242
36 43 0.00029478458049886618
41 43 0.00037414965986394582
42 43 0.0097278911564625831
43 43 0.024693877551020444
44 43 0.0093537414965986464
45 43 0.00074829931972789142
50 43 0.0001473922902494332
51 43 0.0038321995464852599
52 43 0.0097278911564625831
53 43 0.0036848072562358277
54 43 0.00029478458049886645
59 43 5.6689342403628128e-06
60 43 0.00014739229024943315
61 43 0.0003741496598639456
62 43 0.00014172335600907033
63 43 1.1337868480725626e-05
24 44 5.668934240362806e-06
25 44 0.00014172335600907035
26 44 0.00022675736961451237
27 44 7.9365079365079514e-05
33 44 0.0001473922902494329
34 44 0.0036848072562358247
35 44 0.0058956916099773184
36 44 0.0020634920634920659
42 44 0.00037414965986394517
43 44 0.0093537414965986464
44 44 0.014965986394557814
45 44 0.0052380952380952483
51 44 0.00014739229024943304
52 44 0.0036848072562358277
53 44 0.0058956916099773236
54 44 0.0020634920634920676
60 44 5.668934240362806e-06
61 44 0.00014172335600907033
62 44 0.00022675736961451232
63 44 7.9365079365079541e-05
25 45 1.1337868480725627e-05
26 45 7.9365079365079514e-05
27 45 0.0001360544217687074
34 45 0.00029478458049886618
35 45 0.0020634920634920659
36 45 0.0035374149659863916
43 45 0.00074829931972789142
44 45 0.0052380952380952483
45 45 0.0089795918367346923
52 45 0.00029478458049886645
53 45 0.0020634920634920676
54 45 0.0035374149659863942
61 45 1.1337868480725626e-05
62 45 7.9365079365079528e-05
63 45 0.00013605442176870742
28 46 0.00013605442176870742
29 46 7.9365079365079338e-05
30 46 1.1337868480725624e-05
37 46 0.0035374149659863964
38 46 0.0020634920634920641
39 46 0.00029478458049886645
46 46 0.0089795918367346905
47 46 0.0052380952380952387
48 46 0.00074829931972789131
55 46 0.0035374149659863933
56 46 0.0020634920634920633
57 46 0.00029478458049886624
64 46 0.00013605442176870729
65 46 7.936507936507927e-05
66 46 1.1337868480725612e-05
28 47 7.9365079365079338e-05
29 47 0.00022675736961451248
30 47 0.00014172335600907024
31 47 5.6689342403628102e-06
37 47 0.0020634920634920641
38 47 0.005895691609977328
39 47 0.003684807256235829
40 47 0.00014739229024943317
46 47 0.0052380952380952387
47 47 0.014965986394557816
48 47 0.0093537414965986342
49 47 0.00037414965986394549
55 47 0.0020634920634920633
56 47 0.0058956916099773254
57 47 0.003684807256235826
58 47 0.00014739229024943304
64 47 7.936507936507927e-05
65 47 0.00022675736961451221
66 47 0.00014172335600907011
67 47 5.6689342403628043e-06
28 48 1.1337868480725624e-05
29 48 0.00014172335600907022
30 48 0.00037414965986394544
31 48 0.00014739229024943312
32 48 5.6689342403628119e-06
37 48 0.0002947845804988664
38 48 0.003684807256235829
39 48 0.0097278911564625831
40 48 0.003832199546485263
41 48 0.00014739229024943328
46 48 0.00074829931972789131
47 48 0.0093537414965986342
48 48 0.02469387755102043
49 48 0.0097278911564625831
50 48 0.00037414965986394566
55 48 0.00029478458049886624
56 48 0.003684807256235826
57 48 0.0097278911564625727
58 48 0.0038321995464852599
59 48 0.00014739229024943315
64 48 1.1337868480725612e-05
65 48 0.00014172335600907011
66 48 0.00037414965986394506
67 48 0.00014739229024943301
68 48 5.6689342403628051e-06
29 49 5.6689342403628102e-06
30 49 0.00014739229024943312
31 49 0.00037414965986394538
32 49 0.00014739229024943298
33 49 5.6689342403628094e-06
38 49 0.00014739229024943317
39 49 0.0038321995464852617
40 49 0.0097278911564625814
41 49 0.0038321995464852604
42 49 0.00014739229024943317
47 49 0.00037414965986394549
48 49 0.0097278911564625831
49 49 0.02469387755102043
50 49 0.0097278911564625797
51 49 0.00037414965986394528
56 49 0.00014739229024943301
57 49 0.0038321995464852599
58 49 0.0097278911564625727
59 49 0.0038321995464852578
60 49 0.00014739229024943301
65 49 5.6689342403628043e-06
66 49 0.00014739229024943301
67 49 0.00037414965986394506
68 49 0.00014739229024943285
69 49 5.6689342403628034e-06
30 50 5.6689342403628119e-06
31 50 0.00014739229024943296
32 50 0.0003741496598639456
33 50 0.00014739229024943317
34 50 5.6689342403628111e-06
39 50 0.00014739229024943325
40 50 0.0038321995464852604
41 50 0.0097278911564625849
42 50 0.0038321995464852643
43 50 0.00014739229024943323
48 50 0.00037414965986394566
49 50 0.0097278911564625797
50 50 0.02469387755102043
51 50 0.0097278911564625849
52 50 0.00037414965986394571
57 50 0.00014739229024943312
58 50 0.0038321995464852578
59 50 0.0097278911564625779
60 50 0.0038321995464852604
61 50 0.00014739229024943317
66 50 5.6689342403628051e-06
67 50 0.00014739229024943285
68 50 0.00037414965986394517
69 50 0.00014739229024943298
70 50 5.668934240362806e-06
31 51 5.6689342403628094e-06
32 51 0.00014739229024943315
33 51 0.00037414965986394533
34 51 0.00014739229024943296
35 51 5.6689342403628043e-06
40 51 0.00014739229024943317
41 51 0.0038321995464852643
42 51 0.0097278911564625762
43 51 0.0038321995464852599
44 51 0.00014739229024943304
49 51 0.00037414965986394528
50 51 0.0097278911564625849
51 51 0.024693877551020416
52 51 0.0097278911564625797
53 51 0.00037414965986394506
58 51 0.00014739229024943301
59 51 0.0038321995464852604
60 51 0.009727891156462571
61 51 0.0038321995464852582
62 51 0.00014739229024943287
67 51 5.6689342403628034e-06
68 51 0.00014739229024943301
69 51 0.00037414965986394495
70 51 0.00014739229024943285
71 51 5.6689342403627967e-06
32 52 5.6689342403628111e-06
33 52 0.00014739229024943296
34 52 0.00037414965986394544
35 52 0.0001417233560090703
36 52 1.1337868480725624e-05
41 52 0.00014739229024943323
42 52 0.0038321995464852599
43 52 0.0097278911564625814
44 52 0.0036848072562358277
45 52 0.00029478458049886645
50 52 0.00037414965986394571
51 52 0.0097278911564625797
52 52 0.02469387755102043
53 52 0.0093537414965986377
54 52 0.0007482993197278912
59 52 0.00014739229024943317
60 52 0.0038321995464852578
61 52 0.009727891156462571
62 52 0.0036848072562358251
63 52 0.00029478458049886613
68 52 5.668934240362806e-06
69 52 0.00014739229024943285
70 52 0.00037414965986394495
71 52 0.00014172335600907016
72 52 1.1337868480725612e-05
33 53 5.6689342403628043e-06
34 53 0.0001417233560090703
35 53 0.00022675736961451224
36 53 7.9365079365079487e-05
42 53 0.00014739229024943304
43 53 0.0036848072562358273
44 53 0.0058956916099773236
45 53 0.0020634920634920676
51 53 0.00037414965986394506
52 53 0.0093537414965986377
53 53 0.014965986394557805
54 53 0.0052380952380952465
60 53 0.00014739229024943287
61 53 0.0036848072562358251
62 53 0.0058956916099773193
63 53 0.0020634920634920667
69 53 5.6689342403627967e-06
70 53 0.00014172335600907016
71 53 0.00022675736961451202
72 53 7.9365079365079419e-05
34 54 1.1337868480725624e-05
35 54 7.9365079365079487e-05
36 54 0.00013605442176870737
43 54 0.00029478458049886645
44 54 0.002063492063492068
45 54 0.0035374149659863942
52 54 0.0007482993197278912
53 54 0.0052380952380952465
54 54 0.0089795918367346871
61 54 0.00029478458049886624
62 54 0.0020634920634920667
63 54 0.0035374149659863916
70 54 1.1337868480725612e-05
71 54 7.9365079365079419e-05
72 54 0.00013605442176870724
37 55 0.00013605442176870751
38 55 7.9365079365079365e-05
39 55 1.1337868480725627e-05
46 55 0.0035374149659863933
47 55 0.0020634920634920633
48 55 0.00029478458049886624
55 55 0.0089795918367346923
56 55 0.0052380952380952387
57 55 0.0007482993197278912
64 55 0.0034013605442176865
65 55 0.0019841269841269831
66 55 0.00028344671201814054
73 55 0.00027210884353741501
74 55 0.00015873015873015873
75 55 2.2675736961451254e-05
37 56 7.9365079365079365e-05
38 56 0.00022675736961451254
39 56 0.00014172335600907035
40 56 5.6689342403628128e-06
46 56 0.0020634920634920628
47 56 0.0058956916099773254
48 56 0.003684807256235826
49 56 0.00014739229024943301
55 56 0.0052380952380952387
56 56 0.014965986394557821
57 56 0.009353741496598636
58 56 0.00037414965986394549
64 56 0.0019841269841269831
65 56 0.0056689342403628091
66 56 0.0035430839002267554
67 56 0.00014172335600907027
73 56 0.00015873015873015878
74 56 0.00045351473922902524
75 56 0.00028344671201814071
76 56 1.1337868480725626e-05
37 57 1.1337868480725627e-05
38 57 0.00014172335600907035
39 57 0.00037414965986394566
40 57 0.00014739229024943323
41 57 5.6689342403628153e-06
46 57 0.00029478458049886624
47 57 0.003684807256235826
48 57 0.0097278911564625727
49 57 0.0038321995464852599
50 57 0.00014739229024943312
55 57 0.00074829931972789131
56 57 0.009353741496598636
57 57 0.024693877551020448
58 57 0.0097278911564625831
59 57 0.0003741496598639456
64 57 0.00028344671201814054
65 57 0.0035430839002267558
66 57 0.0093537414965986377
67 57 0.0036848072562358264
68 57 0.0001417233560090703
73 57 2.2675736961451254e-05
74 57 0.00028344671201814071
75 57 0.00074829931972789131
76 57 0.00029478458049886645
77 57 1.1337868480725631e-05
38 58 5.6689342403628128e-06
39 58 0.00014739229024943323
40 58 0.00037414965986394566
41 58 0.00014739229024943306
42 58 5.6689342403628111e-06
47 58 0.00014739229024943301
48 58 0.0038321995464852599
49 58 0.0097278911564625727
50 58 0.0038321995464852578
51 58 0.00014739229024943301
56 58 0.00037414965986394549
57 58 0.0097278911564625831
58 58 0.024693877551020444
59 58 0.0097278911564625814
60 58 0.00037414965986394544
65 58 0.00014172335600907027
66 58 0.0036848072562358268
67 58 0.0093537414965986342
68 58 0.0036848072562358247
69 58 0.00014172335600907024
74 58 1.1337868480725626e-05
75 58 0.00029478458049886645
76 58 0.00074829931972789131
77 58 0.00029478458049886613
78 58 1.1337868480725626e-05
39 59 5.6689342403628153e-06
40 59 0.00014739229024943306
41 59 0.00037414965986394576
42 59 0.00014739229024943323
43 59 5.6689342403628128e-06
48 59 0.00014739229024943312
49 59 0.0038321995464852578
50 59 0.0097278911564625762
51 59 0.0038321995464852604
52 59 0.00014739229024943317
57 59 0.00037414965986394571
58 59 0.0097278911564625814
59 59 0.024693877551020448
60 59 0.0097278911564625849
61 59 0.00037414965986394571
66 59 0.00014172335600907033
67 59 0.0036848072562358247
68 59 0.0093537414965986394
69 59 0.0036848072562358268
70 59 0.00014172335600907033
75 59 1.1337868480725631e-05
76 59 0.00029478458049886613
77 59 0.00074829931972789153
78 59 0.0002947845804988664
79 59 1.1337868480725627e-05
40 60 5.6689342403628111e-06
41 60 0.0001473922902494332
42 60 0.0003741496598639456
43 60 0.00014739229024943317
44 60 5.6689342403628068e-06
49 60 0.00014739229024943301
50 60 0.0038321995464852604
51 60 0.0097278911564625693
52 60 0.0038321995464852582
53 60 0.00014739229024943287
58 60 0.00037414965986394544
59 60 0.0097278911564625849
60 60 0.024693877551020437
61 60 0.0097278911564625814
62 60 0.000374149659863945
67 60 0.00014172335600907027
68 60 0.0036848072562358268
69 60 0.0093537414965986342
70 60 0.003684807256235826
71 60 0.00014172335600907014
76 60 1.1337868480725624e-05
77 60 0.0002947845804988664
78 60 0.0007482993197278912
79 60 0.00029478458049886618
80 60 1.1337868480725615e-05
41 61 5.6689342403628128e-06
42 61 0.00014739229024943317
43 61 0.0003741496598639456
44 61 0.00014172335600907033
45 61 1.1337868480725627e-05
50 61 0.00014739229024943317
51 61 0.0038321995464852578
52 61 0.009727891156462571
53 61 0.0036848072562358247
54 61 0.00029478458049886624
59 61 0.00037414965986394566
60 61 0.0097278911564625814
61 61 0.024693877551020437
62 61 0.0093537414965986429
63 61 0.0007482993197278912
68 61 0.00014172335600907033
69 61 0.003684807256235826
70 61 0.009353741496598636
71 61 0.0035430839002267558
72 61 0.00028344671201814065
77 61 1.1337868480725629e-05
78 61 0.00029478458049886613
79 61 0.00074829931972789131
80 61 0.00028344671201814071
81 61 2.2675736961451261e-05
42 62 5.6689342403628068e-06
43 62 0.00014172335600907033
44 62 0.00022675736961451229
45 62 7.9365079365079541e-05
51 62 0.00014739229024943287
52 62 0.0036848072562358251
53 62 0.0058956916099773193
54 62 0.0020634920634920667
60 62 0.000374149659863945
61 62 0.0093537414965986412
62 62 0.014965986394557807
63 62 0.0052380952380952474
69 62 0.00014172335600907014
70 62 0.0035430839002267558
71 62 0.0056689342403628057
72 62 0.0019841269841269866
78 62 1.1337868480725615e-05
79 62 0.00028344671201814065
80 62 0.00045351473922902464
81 62 0.00015873015873015908
43 63 1.1337868480725627e-05
44 63 7.9365079365079528e-05
45 63 0.00013605442176870745
52 63 0.00029478458049886624
53 63 0.0020634920634920667
54 63 0.0035374149659863916
61 63 0.0007482993197278912
62 63 0.0052380952380952474
63 63 0.0089795918367346888
70 63 0.00028344671201814065
71 63 0.0019841269841269866
72 63 0.0034013605442176835
79 63 2.2675736961451258e-05
80 63 0.00015873015873015908
81 63 0.00027210884353741485
46 64 0.00013605442176870729
47 64 7.936507936507927e-05
48 64 1.1337868480725612e-05
55 64 0.0034013605442176865
56 64 0.0019841269841269831
57 64 0.00028344671201814054
64 64 0.0054421768707482963
65 64 0.0031746031746031729
66 64 0.00045351473922902464
73 64 0.001904761904761908
74 64 0.0011111111111111131
75 64 0.00015873015873015897
46 65 7.936507936507927e-05
47 65 0.00022675736961451221
48 65 0.00014172335600907011
49 65 5.6689342403628043e-06
55 65 0.0019841269841269831
56 65 0.00566893424036281
57 65 0.0035430839002267554
58 65 0.00014172335600907027
64 65 0.0031746031746031729
65 65 0.0090702947845804887
66 65 0.0056689342403628074
67 65 0.00022675736961451229
73 65 0.0011111111111111131
74 65 0.0031746031746031794
75 65 0.0019841269841269866
76 65 7.9365079365079487e-05
46 66 1.1337868480725612e-05
47 66 0.00014172335600907011
48 66 0.00037414965986394506
49 66 0.00014739229024943301
50 66 5.6689342403628051e-06
55 66 0.00028344671201814054
56 66 0.0035430839002267554
57 66 0.0093537414965986394
58 66 0.003684807256235826
59 66 0.00014172335600907033
64 66 0.00045351473922902475
65 66 0.0056689342403628074
66 66 0.014965986394557812
67 66 0.0058956916099773219
68 66 0.00022675736961451243
73 66 0.00015873015873015897
74 66 0.0019841269841269866
75 66 0.0052380952380952491
76 66 0.0020634920634920672
77 66 7.9365079365079501e-05
47 67 5.6689342403628043e-06
48 67 0.00014739229024943301
49 67 0.00037414965986394506
50 67 0.00014739229024943282
51 67 5.6689342403628034e-06
56 67 0.00014172335600907027
57 67 0.0036848072562358264
58 67 0.009353741496598636
59 67 0.0036848072562358247
60 67 0.00014172335600907027
65 67 0.00022675736961451229
66 67 0.0058956916099773228
67 67 0.014965986394557816
68 67 0.0058956916099773176
69 67 0.00022675736961451227
74 67 7.9365079365079473e-05
75 67 0.0020634920634920672
76 67 0.0052380952380952483
77 67 0.0020634920634920663
78 67 7.9365079365079473e-05
48 68 5.6689342403628051e-06
49 68 0.00014739229024943285
50 68 0.00037414965986394517
51 68 0.00014739229024943301
52 68 5.668934240362806e-06
57 68 0.00014172335600907033
58 68 0.0036848072562358247
59 68 0.0093537414965986394
60 68 0.0036848072562358268
61 68 0.00014172335600907033
66 68 0.00022675736961451243
67 68 0.0058956916099773184
68 68 0.014965986394557819
69 68 0.0058956916099773236
70 68 0.00022675736961451237
75 68 7.9365079365079501e-05
76 68 0.0020634920634920659
77 68 0.0052380952380952491
78 68 0.0020634920634920676
79 68 7.9365079365079501e-05
49 69 5.6689342403628034e-06
50 69 0.00014739229024943301
51 69 0.00037414965986394495
52 69 0.00014739229024943285
53 69 5.6689342403627967e-06
58 69 0.00014172335600907027
59 69 0.0036848072562358268
60 69 0.0093537414965986325
61 69 0.0036848072562358255
62 69 0.00014172335600907014
67 69 0.00022675736961451227
68 69 0.0058956916099773254
69 69 0.014965986394557805
70 69 0.005895691609977321
71 69 0.00022675736961451202
76 69 7.9365079365079473e-05
77 69 0.0020634920634920676
78 69 0.0052380952380952465
79 69 0.0020634920634920667
80 69 7.9365079365079392e-05
50 70 5.668934240362806e-06
51 70 0.00014739229024943282
52 70 0.00037414965986394495
53 70 0.00014172335600907016
54 70 1.1337868480725612e-05
59 70 0.00014172335600907033
60 70 0.0036848072562358255
61 70 0.009353741496598636
62 70 0.0035430839002267558
63 70 0.00028344671201814065
68 70 0.00022675736961451237
69 70 0.005895691609977321
70 70 0.014965986394557807
71 70 0.0056689342403628057
72 70 0.00045351473922902459
77 70 7.9365079365079501e-05
78 70 0.0020634920634920667
79 70 0.0052380952380952474
80 70 0.0019841269841269871
81 70 0.00015873015873015903
51 71 5.6689342403627967e-06
52 71 0.00014172335600907016
53 71 0.00022675736961451202
54 71 7.9365079365079419e-05
60 71 0.00014172335600907014
61 71 0.0035430839002267562
62 71 0.0056689342403628057
63 71 0.0019841269841269866
69 71 0.00022675736961451202
70 71 0.0056689342403628057
71 71 0.0090702947845804852
72 71 0.0031746031746031776
78 71 7.9365079365079392e-05
79 71 0.0019841269841269871
80 71 0.0031746031746031781
81 71 0.0011111111111111146
52 72 1.1337868480725612e-05
53 72 7.9365079365079419e-05
54 72 0.00013605442176870724
61 72 0.00028344671201814065
62 72 0.0019841269841269866
63 72 0.0034013605442176835
70 72 0.00045351473922902459
71 72 0.0031746031746031776
72 72 0.0054421768707482903
79 72 0.00015873015873015903
80 72 0.0011111111111111144
81 72 0.0019047619047619065
55 73 0.00027210884353741501
56 73 0.00015873015873015873
57 73 2.2675736961451254e-05
64 73 0.001904761904761908
65 73 0.0011111111111111131
66 73 0.00015873015873015897
73 73 0.003265306122448978
74 73 0.0019047619047619035
75 73 0.0002721088435374148
55 74 0.00015873015873015873
56 74 0.00045351473922902529
57 74 0.00028344671201814071
58 74 1.1337868480725626e-05
64 74 0.0011111111111111131
65 74 0.0031746031746031794
66 74 0.0019841269841269866
67 74 7.9365079365079487e-05
73 74 0.0019047619047619035
74 74 0.0054421768707482989
75 74 0.0034013605442176848
76 74 0.00013605442176870737
55 75 2.2675736961451254e-05
56 75 0.00028344671201814071
57 75 0.00074829931972789131
58 75 0.00029478458049886645
59 75 1.1337868480725631e-05
64 75 0.00015873015873015897
65 75 0.0019841269841269871
66 75 0.0052380952380952491
67 75 0.0020634920634920672
68 75 7.9365079365079501e-05
73 75 0.0002721088435374148
74 75 0.0034013605442176852
75 75 0.0089795918367346923
76 75 0.0035374149659863937
77 75 0.00013605442176870742
56 76 1.1337868480725626e-05
57 76 0.00029478458049886645
58 76 0.00074829931972789131
59 76 0.00029478458049886613
60 76 1.1337868480725624e-05
65 76 7.9365079365079487e-05
66 76 0.0020634920634920672
67 76 0.0052380952380952483
68 76 0.0020634920634920659
69 76 7.936507936507946e-05
74 76 0.00013605442176870737
75 76 0.0035374149659863937
76 76 0.0089795918367346871
77 76 0.0035374149659863916
78 76 0.00013605442176870737
57 77 1.1337868480725631e-05
58 77 0.00029478458049886613
59 77 0.00074829931972789164
60 77 0.0002947845804988664
61 77 1.1337868480725629e-05
66 77 7.9365079365079501e-05
67 77 0.0020634920634920663
68 77 0.0052380952380952483
69 77 0.0020634920634920676
70 77 7.9365079365079501e-05
75 77 0.00013605442176870742
76 77 0.0035374149659863916
77 77 0.0089795918367346905
78 77 0.0035374149659863946
79 77 0.00013605442176870745
58 78 1.1337868480725624e-05
59 78 0.0002947845804988664
60 78 0.0007482993197278912
61 78 0.00029478458049886607
62 78 1.1337868480725615e-05
67 78 7.936507936507946e-05
68 78 0.0020634920634920676
69 78 0.0052380952380952465
70 78 0.0020634920634920667
71 78 7.9365079365079392e-05
76 78 0.00013605442176870737
77 78 0.0035374149659863942
78 78 0.0089795918367346871
79 78 0.003537414965986392
80 78 0.00013605442176870724
59 79 1.1337868480725629e-05
60 79 0.00029478458049886618
61 79 0.00074829931972789131
62 79 0.00028344671201814065
63 79 2.2675736961451258e-05
68 79 7.9365079365079501e-05
69 79 0.0020634920634920667
70 79 0.0052380952380952474
71 79 0.0019841269841269871
72 79 0.000158730158730159
77 79 0.00013605442176870745
78 79 0.003537414965986392
79 79 0.0089795918367346905
80 79 0.0034013605442176835
81 79 0.00027210884353741485
60 80 1.1337868480725615e-05
61 80 0.00028344671201814071
62 80 0.0004535147392290247
63 80 0.00015873015873015908
69 80 7.9365079365079392e-05
70 80 0.0019841269841269871
71 80 0.0031746031746031781
72 80 0.0011111111111111144
78 80 0.00013605442176870724
79 80 0.0034013605442176835
80 80 0.0054421768707482911
81 80 0.0019047619047619067
61 81 2.2675736961451258e-05
62 81 0.00015873015873015908
63 81 0.00027210884353741485
70 81 0.000158730158730159
71 81 0.0011111111111111144
72 81 0.0019047619047619067
79 81 0.00027210884353741485
80 81 0.0019047619047619069
81 81 0.0032653061224489749


