# Created by Octave 5.2.0, Tue Oct 26 13:01:23 2021 CEST <omen@omen-linux>
# name: riga_6
# type: sparse matrix
# nnz: 1156
# rows: 64
# columns: 64
1 1 0.0044444444444444401
2 1 0.0025925925925925917
3 1 0.0003703703703703703
9 1 0.0025925925925925917
10 1 0.0015123456790123455
11 1 0.00021604938271604945
17 1 0.0003703703703703703
18 1 0.00021604938271604937
19 1 3.0864197530864198e-05
1 2 0.0025925925925925917
2 2 0.007407407407407406
3 2 0.0046296296296296276
4 2 0.00018518518518518512
9 2 0.0015123456790123457
10 2 0.0043209876543209872
11 2 0.0027006172839506171
12 2 0.0001080246913580247
17 2 0.00021604938271604937
18 2 0.00061728395061728383
19 2 0.00038580246913580234
20 2 1.5432098765432096e-05
1 3 0.0003703703703703703
2 3 0.0046296296296296276
3 3 0.012222222222222209
4 3 0.0048148148148148117
5 3 0.00018518518518518515
9 3 0.00021604938271604945
10 3 0.0027006172839506171
11 3 0.0071296296296296273
12 3 0.0028086419753086422
13 3 0.00010802469135802471
17 3 3.0864197530864198e-05
18 3 0.00038580246913580234
19 3 0.0010185185185185191
20 3 0.00040123456790123444
21 3 1.5432098765432096e-05
2 4 0.00018518518518518512
3 4 0.0048148148148148117
4 4 0.012222222222222209
5 4 0.0048148148148148117
6 4 0.00018518518518518504
10 4 0.0001080246913580247
11 4 0.0028086419753086422
12 4 0.0071296296296296264
13 4 0.0028086419753086413
14 4 0.00010802469135802464
18 4 1.5432098765432096e-05
19 4 0.00040123456790123449
20 4 0.0010185185185185186
21 4 0.00040123456790123454
22 4 1.5432098765432089e-05
3 5 0.00018518518518518515
4 5 0.0048148148148148117
5 5 0.012222222222222214
6 5 0.0048148148148148117
7 5 0.00018518518518518528
11 5 0.00010802469135802471
12 5 0.0028086419753086413
13 5 0.0071296296296296273
14 5 0.0028086419753086413
15 5 0.00010802469135802478
19 5 1.5432098765432096e-05
20 5 0.00040123456790123454
21 5 0.0010185185185185191
22 5 0.00040123456790123449
23 5 1.5432098765432109e-05
4 6 0.00018518518518518504
5 6 0.0048148148148148117
6 6 0.012222222222222207
7 6 0.0046296296296296285
8 6 0.00037037037037037008
12 6 0.00010802469135802464
13 6 0.0028086419753086413
14 6 0.0071296296296296264
15 6 0.0027006172839506163
16 6 0.00021604938271604931
20 6 1.5432098765432089e-05
21 6 0.0004012345679012346
22 6 0.0010185185185185186
23 6 0.00038580246913580245
24 6 3.0864197530864178e-05
5 7 0.00018518518518518528
6 7 0.0046296296296296285
7 7 0.0074074074074074016
8 7 0.0025925925925925925
13 7 0.00010802469135802478
14 7 0.0027006172839506163
15 7 0.0043209876543209872
16 7 0.0015123456790123464
21 7 1.5432098765432109e-05
22 7 0.0003858024691358025
23 7 0.00061728395061728372
24 7 0.0002160493827160495
6 8 0.00037037037037037008
7 8 0.0025925925925925925
8 8 0.0044444444444444418
14 8 0.00021604938271604931
15 8 0.0015123456790123464
16 8 0.0025925925925925917
22 8 3.0864197530864178e-05
23 8 0.0002160493827160495
24 8 0.00037037037037037035
1 9 0.0025925925925925917
2 9 0.0015123456790123455
3 9 0.00021604938271604945
9 9 0.0074074074074074042
10 9 0.0043209876543209864
11 9 0.00061728395061728394
17 9 0.0046296296296296276
18 9 0.0027006172839506176
19 9 0.00038580246913580239
25 9 0.00018518518518518512
26 9 0.00010802469135802468
27 9 1.5432098765432096e-05
1 10 0.0015123456790123455
2 10 0.0043209876543209872
3 10 0.0027006172839506171
4 10 0.0001080246913580247
9 10 0.0043209876543209872
10 10 0.01234567901234569
11 10 0.0077160493827160507
12 10 0.00030864197530864181
17 10 0.0027006172839506176
18 10 0.007716049382716049
19 10 0.0048225308641975315
20 10 0.00019290123456790114
25 10 0.00010802469135802468
26 10 0.00030864197530864191
27 10 0.00019290123456790117
28 10 7.7160493827160479e-06
1 11 0.00021604938271604942
2 11 0.0027006172839506171
3 11 0.0071296296296296264
4 11 0.0028086419753086422
5 11 0.00010802469135802471
9 11 0.00061728395061728394
10 11 0.0077160493827160498
11 11 0.020370370370370365
12 11 0.0080246913580246902
13 11 0.00030864197530864186
17 11 0.00038580246913580239
18 11 0.0048225308641975306
19 11 0.012731481481481479
20 11 0.0050154320987654318
21 11 0.00019290123456790117
25 11 1.5432098765432096e-05
26 11 0.00019290123456790114
27 11 0.00050925925925925932
28 11 0.00020061728395061719
29 11 7.7160493827160479e-06
2 12 0.00010802469135802468
3 12 0.0028086419753086418
4 12 0.0071296296296296264
5 12 0.0028086419753086413
6 12 0.00010802469135802464
10 12 0.00030864197530864181
11 12 0.008024691358024692
12 12 0.020370370370370362
13 12 0.008024691358024692
14 12 0.00030864197530864175
18 12 0.00019290123456790114
19 12 0.005015432098765431
20 12 0.012731481481481474
21 12 0.0050154320987654318
22 12 0.00019290123456790109
26 12 7.7160493827160479e-06
27 12 0.00020061728395061724
28 12 0.00050925925925925921
29 12 0.00020061728395061724
30 12 7.7160493827160428e-06
3 13 0.00010802469135802471
4 13 0.0028086419753086413
5 13 0.007129629629629629
6 13 0.0028086419753086413
7 13 0.00010802469135802478
11 13 0.00030864197530864186
12 13 0.008024691358024692
13 13 0.020370370370370372
14 13 0.0080246913580246902
15 13 0.00030864197530864213
19 13 0.00019290123456790117
20 13 0.005015432098765431
21 13 0.012731481481481483
22 13 0.0050154320987654301
23 13 0.00019290123456790133
27 13 7.7160493827160479e-06
28 13 0.00020061728395061724
29 13 0.00050925925925925943
30 13 0.00020061728395061719
31 13 7.7160493827160546e-06
4 14 0.00010802469135802464
5 14 0.0028086419753086413
6 14 0.0071296296296296273
7 14 0.0027006172839506163
8 14 0.00021604938271604931
12 14 0.00030864197530864175
13 14 0.0080246913580246902
14 14 0.020370370370370365
15 14 0.0077160493827160446
16 14 0.0006172839506172834
20 14 0.00019290123456790109
21 14 0.0050154320987654292
22 14 0.012731481481481476
23 14 0.0048225308641975297
24 14 0.00038580246913580223
28 14 7.7160493827160428e-06
29 14 0.00020061728395061719
30 14 0.00050925925925925932
31 14 0.00019290123456790117
32 14 1.5432098765432089e-05
5 15 0.00010802469135802479
6 15 0.0027006172839506163
7 15 0.0043209876543209864
8 15 0.0015123456790123464
13 15 0.00030864197530864213
14 15 0.0077160493827160446
15 15 0.012345679012345682
16 15 0.0043209876543209881
21 15 0.00019290123456790133
22 15 0.0048225308641975306
23 15 0.0077160493827160464
24 15 0.0027006172839506171
29 15 7.7160493827160546e-06
30 15 0.00019290123456790117
31 15 0.00030864197530864186
32 15 0.00010802469135802472
6 16 0.00021604938271604931
7 16 0.0015123456790123461
8 16 0.0025925925925925917
14 16 0.0006172839506172834
15 16 0.004320987654320989
16 16 0.0074074074074074051
22 16 0.00038580246913580223
23 16 0.0027006172839506171
24 16 0.0046296296296296302
30 16 1.5432098765432089e-05
31 16 0.00010802469135802475
32 16 0.00018518518518518512
1 17 0.0003703703703703703
2 17 0.00021604938271604937
3 17 3.0864197530864198e-05
9 17 0.0046296296296296276
10 17 0.0027006172839506176
11 17 0.00038580246913580239
17 17 0.012222222222222211
18 17 0.0071296296296296255
19 17 0.0010185185185185189
25 17 0.0048148148148148126
26 17 0.0028086419753086422
27 17 0.00040123456790123454
33 17 0.00018518518518518512
34 17 0.00010802469135802468
35 17 1.5432098765432096e-05
1 18 0.00021604938271604939
2 18 0.00061728395061728405
3 18 0.00038580246913580234
4 18 1.5432098765432096e-05
9 18 0.0027006172839506176
10 18 0.007716049382716049
11 18 0.0048225308641975315
12 18 0.00019290123456790117
17 18 0.0071296296296296255
18 18 0.020370370370370372
19 18 0.012731481481481477
20 18 0.00050925925925925921
25 18 0.0028086419753086422
26 18 0.008024691358024692
27 18 0.0050154320987654318
28 18 0.00020061728395061722
33 18 0.00010802469135802468
34 18 0.00030864197530864191
35 18 0.00019290123456790114
36 18 7.7160493827160479e-06
1 19 3.0864197530864198e-05
2 19 0.00038580246913580239
3 19 0.0010185185185185191
4 19 0.00040123456790123444
5 19 1.5432098765432096e-05
9 19 0.00038580246913580239
10 19 0.0048225308641975306
11 19 0.012731481481481479
12 19 0.0050154320987654318
13 19 0.00019290123456790117
17 19 0.0010185185185185189
18 19 0.012731481481481477
19 19 0.033611111111111078
20 19 0.013240740740740742
21 19 0.00050925925925925943
25 19 0.00040123456790123454
26 19 0.0050154320987654318
27 19 0.013240740740740744
28 19 0.0052160493827160502
29 19 0.00020061728395061722
33 19 1.5432098765432096e-05
34 19 0.00019290123456790114
35 19 0.00050925925925925943
36 19 0.00020061728395061724
37 19 7.7160493827160479e-06
2 20 1.5432098765432096e-05
3 20 0.00040123456790123449
4 20 0.0010185185185185186
5 20 0.00040123456790123454
6 20 1.5432098765432089e-05
10 20 0.00019290123456790114
11 20 0.0050154320987654318
12 20 0.012731481481481474
13 20 0.005015432098765431
14 20 0.00019290123456790106
18 20 0.00050925925925925921
19 20 0.013240740740740742
20 20 0.033611111111111078
21 20 0.01324074074074074
22 20 0.00050925925925925921
26 20 0.00020061728395061722
27 20 0.0052160493827160511
28 20 0.013240740740740739
29 20 0.0052160493827160502
30 20 0.00020061728395061714
34 20 7.7160493827160479e-06
35 20 0.00020061728395061724
36 20 0.00050925925925925932
37 20 0.00020061728395061724
38 20 7.7160493827160462e-06
3 21 1.5432098765432096e-05
4 21 0.00040123456790123454
5 21 0.0010185185185185191
6 21 0.00040123456790123449
7 21 1.5432098765432109e-05
11 21 0.00019290123456790114
12 21 0.005015432098765431
13 21 0.012731481481481483
14 21 0.0050154320987654301
15 21 0.00019290123456790133
19 21 0.00050925925925925943
20 21 0.013240740740740739
21 21 0.033611111111111092
22 21 0.01324074074074074
23 21 0.00050925925925925976
27 21 0.00020061728395061722
28 21 0.0052160493827160502
29 21 0.013240740740740751
30 21 0.0052160493827160493
31 21 0.00020061728395061743
35 21 7.7160493827160479e-06
36 21 0.00020061728395061727
37 21 0.00050925925925925954
38 21 0.00020061728395061727
39 21 7.7160493827160546e-06
4 22 1.5432098765432089e-05
5 22 0.00040123456790123454
6 22 0.0010185185185185186
7 22 0.00038580246913580245
8 22 3.0864197530864178e-05
12 22 0.00019290123456790109
13 22 0.0050154320987654301
14 22 0.012731481481481479
15 22 0.0048225308641975297
16 22 0.00038580246913580223
20 22 0.00050925925925925921
21 22 0.01324074074074074
22 22 0.033611111111111078
23 22 0.012731481481481477
24 22 0.0010185185185185182
28 22 0.00020061728395061714
29 22 0.0052160493827160502
30 22 0.013240740740740744
31 22 0.0050154320987654318
32 22 0.00040123456790123433
36 22 7.7160493827160462e-06
37 22 0.0002006172839506173
38 22 0.00050925925925925943
39 22 0.00019290123456790122
40 22 1.5432098765432092e-05
5 23 1.5432098765432109e-05
6 23 0.00038580246913580245
7 23 0.00061728395061728383
8 23 0.00021604938271604948
13 23 0.00019290123456790133
14 23 0.0048225308641975297
15 23 0.0077160493827160464
16 23 0.0027006172839506171
21 23 0.00050925925925925976
22 23 0.012731481481481477
23 23 0.020370370370370351
24 23 0.0071296296296296307
29 23 0.00020061728395061743
30 23 0.0050154320987654318
31 23 0.0080246913580246902
32 23 0.0028086419753086431
37 23 7.7160493827160546e-06
38 23 0.00019290123456790122
39 23 0.00030864197530864191
40 23 0.00010802469135802475
6 24 3.0864197530864178e-05
7 24 0.00021604938271604948
8 24 0.00037037037037037035
14 24 0.00038580246913580223
15 24 0.0027006172839506171
16 24 0.0046296296296296294
22 24 0.0010185185185185182
23 24 0.0071296296296296307
24 24 0.012222222222222209
30 24 0.00040123456790123433
31 24 0.0028086419753086431
32 24 0.0048148148148148152
38 24 1.5432098765432092e-05
39 24 0.00010802469135802475
40 24 0.00018518518518518518
9 25 0.00018518518518518509
10 25 0.00010802469135802466
11 25 1.5432098765432096e-05
17 25 0.0048148148148148134
18 25 0.0028086419753086422
19 25 0.00040123456790123444
25 25 0.012222222222222212
26 25 0.0071296296296296255
27 25 0.0010185185185185186
33 25 0.0048148148148148126
34 25 0.0028086419753086422
35 25 0.0004012345679012346
41 25 0.00018518518518518504
42 25 0.00010802469135802463
43 25 1.5432098765432089e-05
9 26 0.00010802469135802467
10 26 0.00030864197530864191
11 26 0.00019290123456790114
12 26 7.7160493827160479e-06
17 26 0.0028086419753086422
18 26 0.008024691358024692
19 26 0.0050154320987654318
20 26 0.00020061728395061722
25 26 0.0071296296296296255
26 26 0.020370370370370369
27 26 0.012731481481481474
28 26 0.00050925925925925921
33 26 0.0028086419753086422
34 26 0.0080246913580246902
35 26 0.0050154320987654318
36 26 0.00020061728395061724
41 26 0.00010802469135802463
42 26 0.00030864197530864181
43 26 0.00019290123456790106
44 26 7.7160493827160428e-06
9 27 1.5432098765432096e-05
10 27 0.00019290123456790114
11 27 0.00050925925925925932
12 27 0.00020061728395061722
13 27 7.7160493827160479e-06
17 27 0.00040123456790123444
18 27 0.0050154320987654318
19 27 0.013240740740740744
20 27 0.0052160493827160511
21 27 0.00020061728395061722
25 27 0.0010185185185185186
26 27 0.012731481481481472
27 27 0.033611111111111078
28 27 0.013240740740740739
29 27 0.00050925925925925932
33 27 0.0004012345679012346
34 27 0.0050154320987654318
35 27 0.013240740740740742
36 27 0.0052160493827160493
37 27 0.00020061728395061727
41 27 1.5432098765432089e-05
42 27 0.00019290123456790106
43 27 0.00050925925925925911
44 27 0.00020061728395061714
45 27 7.7160493827160462e-06
10 28 7.7160493827160479e-06
11 28 0.00020061728395061724
12 28 0.00050925925925925921
13 28 0.00020061728395061724
14 28 7.7160493827160428e-06
18 28 0.00020061728395061722
19 28 0.0052160493827160511
20 28 0.013240740740740739
21 28 0.0052160493827160502
22 28 0.00020061728395061716
26 28 0.00050925925925925921
27 28 0.013240740740740739
28 28 0.033611111111111071
29 28 0.013240740740740737
30 28 0.00050925925925925911
34 28 0.00020061728395061724
35 28 0.0052160493827160493
36 28 0.013240740740740737
37 28 0.0052160493827160502
38 28 0.00020061728395061716
42 28 7.7160493827160428e-06
43 28 0.00020061728395061714
44 28 0.00050925925925925911
45 28 0.00020061728395061716
46 28 7.7160493827160411e-06
11 29 7.7160493827160479e-06
12 29 0.00020061728395061724
13 29 0.00050925925925925943
14 29 0.00020061728395061724
15 29 7.7160493827160546e-06
19 29 0.00020061728395061722
20 29 0.0052160493827160502
21 29 0.013240740740740751
22 29 0.0052160493827160502
23 29 0.00020061728395061743
27 29 0.00050925925925925932
28 29 0.013240740740740733
29 29 0.033611111111111078
30 29 0.01324074074074074
31 29 0.00050925925925925965
35 29 0.00020061728395061727
36 29 0.0052160493827160511
37 29 0.013240740740740749
38 29 0.0052160493827160485
39 29 0.00020061728395061741
43 29 7.7160493827160462e-06
44 29 0.00020061728395061714
45 29 0.00050925925925925921
46 29 0.00020061728395061708
47 29 7.7160493827160496e-06
12 30 7.7160493827160428e-06
13 30 0.00020061728395061722
14 30 0.00050925925925925921
15 30 0.00019290123456790117
16 30 1.5432098765432089e-05
20 30 0.00020061728395061716
21 30 0.0052160493827160485
22 30 0.013240740740740746
23 30 0.0050154320987654318
24 30 0.00040123456790123433
28 30 0.00050925925925925911
29 30 0.013240740740740742
30 30 0.033611111111111085
31 30 0.012731481481481476
32 30 0.0010185185185185182
36 30 0.00020061728395061716
37 30 0.0052160493827160485
38 30 0.013240740740740742
39 30 0.0050154320987654336
40 30 0.00040123456790123438
44 30 7.7160493827160411e-06
45 30 0.00020061728395061708
46 30 0.00050925925925925911
47 30 0.00019290123456790114
48 30 1.5432098765432082e-05
13 31 7.7160493827160546e-06
14 31 0.00019290123456790117
15 31 0.00030864197530864181
16 31 0.00010802469135802474
21 31 0.00020061728395061743
22 31 0.0050154320987654318
23 31 0.0080246913580246902
24 31 0.0028086419753086431
29 31 0.00050925925925925965
30 31 0.012731481481481476
31 31 0.020370370370370351
32 31 0.0071296296296296299
37 31 0.00020061728395061741
38 31 0.0050154320987654336
39 31 0.0080246913580246902
40 31 0.0028086419753086431
45 31 7.7160493827160496e-06
46 31 0.00019290123456790114
47 31 0.00030864197530864175
48 31 0.00010802469135802471
14 32 1.5432098765432089e-05
15 32 0.00010802469135802474
16 32 0.00018518518518518512
22 32 0.00040123456790123433
23 32 0.0028086419753086431
24 32 0.0048148148148148152
30 32 0.0010185185185185182
31 32 0.0071296296296296299
32 32 0.012222222222222209
38 32 0.00040123456790123438
39 32 0.0028086419753086431
40 32 0.0048148148148148152
46 32 1.5432098765432082e-05
47 32 0.0001080246913580247
48 32 0.00018518518518518504
17 33 0.00018518518518518512
18 33 0.00010802469135802468
19 33 1.5432098765432096e-05
25 33 0.0048148148148148126
26 33 0.0028086419753086422
27 33 0.0004012345679012346
33 33 0.012222222222222214
34 33 0.0071296296296296264
35 33 0.0010185185185185191
41 33 0.0048148148148148126
42 33 0.0028086419753086422
43 33 0.00040123456790123449
49 33 0.00018518518518518528
50 33 0.00010802469135802475
51 33 1.5432098765432109e-05
17 34 0.00010802469135802468
18 34 0.00030864197530864191
19 34 0.00019290123456790114
20 34 7.7160493827160479e-06
25 34 0.0028086419753086422
26 34 0.008024691358024692
27 34 0.0050154320987654327
28 34 0.00020061728395061722
33 34 0.0071296296296296264
34 34 0.020370370370370379
35 34 0.012731481481481484
36 34 0.00050925925925925943
41 34 0.0028086419753086418
42 34 0.0080246913580246902
43 34 0.005015432098765431
44 34 0.00020061728395061722
49 34 0.00010802469135802475
50 34 0.00030864197530864219
51 34 0.00019290123456790136
52 34 7.716049382716053e-06
17 35 1.5432098765432096e-05
18 35 0.00019290123456790114
19 35 0.00050925925925925943
20 35 0.00020061728395061722
21 35 7.7160493827160479e-06
25 35 0.00040123456790123454
26 35 0.0050154320987654327
27 35 0.013240740740740742
28 35 0.0052160493827160502
29 35 0.00020061728395061727
33 35 0.0010185185185185191
34 35 0.012731481481481481
35 35 0.033611111111111092
36 35 0.013240740740740749
37 35 0.00050925925925925954
41 35 0.00040123456790123449
42 35 0.005015432098765431
43 35 0.013240740740740742
44 35 0.0052160493827160485
45 35 0.00020061728395061724
49 35 1.5432098765432109e-05
50 35 0.00019290123456790136
51 35 0.00050925925925925976
52 35 0.00020061728395061746
53 35 7.7160493827160546e-06
18 36 7.7160493827160479e-06
19 36 0.00020061728395061724
20 36 0.00050925925925925932
21 36 0.00020061728395061724
22 36 7.7160493827160462e-06
26 36 0.00020061728395061722
27 36 0.0052160493827160502
28 36 0.013240740740740735
29 36 0.0052160493827160502
30 36 0.00020061728395061716
34 36 0.00050925925925925943
35 36 0.013240740740740749
36 36 0.033611111111111085
37 36 0.013240740740740744
38 36 0.00050925925925925921
42 36 0.00020061728395061722
43 36 0.0052160493827160493
44 36 0.013240740740740744
45 36 0.0052160493827160493
46 36 0.00020061728395061711
50 36 7.716049382716053e-06
51 36 0.00020061728395061746
52 36 0.00050925925925925965
53 36 0.00020061728395061743
54 36 7.7160493827160496e-06
19 37 7.7160493827160479e-06
20 37 0.00020061728395061724
21 37 0.00050925925925925954
22 37 0.0002006172839506173
23 37 7.7160493827160546e-06
27 37 0.00020061728395061722
28 37 0.0052160493827160502
29 37 0.013240740740740749
30 37 0.0052160493827160485
31 37 0.00020061728395061741
35 37 0.00050925925925925954
36 37 0.013240740740740744
37 37 0.033611111111111105
38 37 0.013240740740740746
39 37 0.00050925925925925986
43 37 0.00020061728395061722
44 37 0.0052160493827160493
45 37 0.013240740740740746
46 37 0.0052160493827160485
47 37 0.00020061728395061746
51 37 7.7160493827160546e-06
52 37 0.00020061728395061743
53 37 0.00050925925925925986
54 37 0.00020061728395061746
55 37 7.7160493827160597e-06
20 38 7.7160493827160445e-06
21 38 0.00020061728395061727
22 38 0.00050925925925925943
23 38 0.00019290123456790122
24 38 1.5432098765432092e-05
28 38 0.00020061728395061716
29 38 0.0052160493827160485
30 38 0.013240740740740742
31 38 0.0050154320987654336
32 38 0.00040123456790123438
36 38 0.00050925925925925921
37 38 0.013240740740740746
38 38 0.033611111111111092
39 38 0.012731481481481484
40 38 0.0010185185185185186
44 38 0.00020061728395061711
45 38 0.0052160493827160485
46 38 0.013240740740740744
47 38 0.005015432098765431
48 38 0.00040123456790123433
52 38 7.7160493827160496e-06
53 38 0.00020061728395061746
54 38 0.00050925925925925965
55 38 0.00019290123456790136
56 38 1.5432098765432099e-05
21 39 7.7160493827160546e-06
22 39 0.00019290123456790122
23 39 0.00030864197530864186
24 39 0.00010802469135802474
29 39 0.00020061728395061741
30 39 0.0050154320987654336
31 39 0.0080246913580246902
32 39 0.0028086419753086431
37 39 0.00050925925925925976
38 39 0.012731481481481484
39 39 0.020370370370370362
40 39 0.0071296296296296316
45 39 0.00020061728395061746
46 39 0.005015432098765431
47 39 0.0080246913580246885
48 39 0.0028086419753086426
53 39 7.7160493827160614e-06
54 39 0.00019290123456790136
55 39 0.00030864197530864208
56 39 0.00010802469135802485
22 40 1.5432098765432092e-05
23 40 0.00010802469135802474
24 40 0.00018518518518518518
30 40 0.00040123456790123438
31 40 0.0028086419753086431
32 40 0.0048148148148148152
38 40 0.0010185185185185186
39 40 0.0071296296296296316
40 40 0.012222222222222212
46 40 0.00040123456790123433
47 40 0.0028086419753086426
48 40 0.0048148148148148152
54 40 1.5432098765432099e-05
55 40 0.00010802469135802485
56 40 0.00018518518518518528
25 41 0.00018518518518518504
26 41 0.00010802469135802463
27 41 1.5432098765432089e-05
33 41 0.0048148148148148126
34 41 0.0028086419753086418
35 41 0.00040123456790123449
41 41 0.012222222222222214
42 41 0.0071296296296296264
43 41 0.0010185185185185186
49 41 0.0046296296296296294
50 41 0.0027006172839506163
51 41 0.00038580246913580245
57 41 0.00037037037037037008
58 41 0.00021604938271604929
59 41 3.0864197530864178e-05
25 42 0.00010802469135802463
26 42 0.00030864197530864175
27 42 0.00019290123456790106
28 42 7.7160493827160428e-06
33 42 0.0028086419753086418
34 42 0.0080246913580246902
35 42 0.005015432098765431
36 42 0.00020061728395061722
41 42 0.0071296296296296264
42 42 0.020370370370370372
43 42 0.012731481481481479
44 42 0.00050925925925925921
49 42 0.0027006172839506163
50 42 0.0077160493827160481
51 42 0.0048225308641975297
52 42 0.00019290123456790117
57 42 0.00021604938271604929
58 42 0.0006172839506172834
59 42 0.00038580246913580223
60 42 1.5432098765432086e-05
25 43 1.5432098765432089e-05
26 43 0.00019290123456790106
27 43 0.00050925925925925911
28 43 0.00020061728395061711
29 43 7.7160493827160462e-06
33 43 0.00040123456790123449
34 43 0.005015432098765431
35 43 0.013240740740740742
36 43 0.0052160493827160493
37 43 0.00020061728395061724
41 43 0.0010185185185185186
42 43 0.012731481481481479
43 43 0.033611111111111078
44 43 0.013240740740740739
45 43 0.00050925925925925932
49 43 0.00038580246913580245
50 43 0.0048225308641975297
51 43 0.012731481481481476
52 43 0.0050154320987654336
53 43 0.00019290123456790122
57 43 3.0864197530864178e-05
58 43 0.00038580246913580223
59 43 0.0010185185185185182
60 43 0.00040123456790123433
61 43 1.5432098765432092e-05
26 44 7.7160493827160428e-06
27 44 0.00020061728395061714
28 44 0.00050925925925925911
29 44 0.00020061728395061716
30 44 7.7160493827160411e-06
34 44 0.00020061728395061722
35 44 0.0052160493827160485
36 44 0.013240740740740744
37 44 0.0052160493827160493
38 44 0.00020061728395061711
42 44 0.00050925925925925921
43 44 0.013240740740740739
44 44 0.033611111111111078
45 44 0.013240740740740737
46 44 0.00050925925925925911
50 44 0.0001929012345679012
51 44 0.0050154320987654336
52 44 0.012731481481481479
53 44 0.0050154320987654344
54 44 0.00019290123456790114
58 44 1.5432098765432086e-05
59 44 0.00040123456790123438
60 44 0.0010185185185185182
61 44 0.00040123456790123444
62 44 1.5432098765432082e-05
27 45 7.7160493827160462e-06
28 45 0.00020061728395061716
29 45 0.00050925925925925921
30 45 0.00020061728395061708
31 45 7.7160493827160496e-06
35 45 0.00020061728395061724
36 45 0.0052160493827160493
37 45 0.013240740740740746
38 45 0.0052160493827160493
39 45 0.00020061728395061746
43 45 0.00050925925925925932
44 45 0.013240740740740737
45 45 0.033611111111111085
46 45 0.013240740740740739
47 45 0.00050925925925925965
51 45 0.00019290123456790122
52 45 0.0050154320987654344
53 45 0.012731481481481481
54 45 0.0050154320987654318
55 45 0.00019290123456790136
59 45 1.5432098765432092e-05
60 45 0.00040123456790123444
61 45 0.0010185185185185186
62 45 0.00040123456790123427
63 45 1.5432098765432099e-05
28 46 7.7160493827160411e-06
29 46 0.00020061728395061708
30 46 0.00050925925925925911
31 46 0.00019290123456790114
32 46 1.5432098765432082e-05
36 46 0.00020061728395061711
37 46 0.0052160493827160493
38 46 0.013240740740740744
39 46 0.005015432098765431
40 46 0.00040123456790123422
44 46 0.00050925925925925911
45 46 0.013240740740740739
46 46 0.033611111111111078
47 46 0.012731481481481477
48 46 0.0010185185185185182
52 46 0.00019290123456790114
53 46 0.0050154320987654318
54 46 0.012731481481481481
55 46 0.0048225308641975297
56 46 0.00038580246913580223
60 46 1.5432098765432082e-05
61 46 0.00040123456790123438
62 46 0.0010185185185185184
63 46 0.00038580246913580223
64 46 3.0864197530864164e-05
29 47 7.7160493827160496e-06
30 47 0.00019290123456790112
31 47 0.00030864197530864175
32 47 0.0001080246913580247
37 47 0.00020061728395061746
38 47 0.005015432098765431
39 47 0.0080246913580246885
40 47 0.0028086419753086426
45 47 0.00050925925925925965
46 47 0.012731481481481477
47 47 0.020370370370370351
48 47 0.0071296296296296299
53 47 0.00019290123456790136
54 47 0.0048225308641975297
55 47 0.0077160493827160455
56 47 0.002700617283950618
61 47 1.5432098765432099e-05
62 47 0.00038580246913580223
63 47 0.00061728395061728361
64 47 0.00021604938271604939
30 48 1.5432098765432082e-05
31 48 0.00010802469135802467
32 48 0.00018518518518518504
38 48 0.00040123456790123422
39 48 0.0028086419753086426
40 48 0.0048148148148148152
46 48 0.0010185185185185182
47 48 0.0071296296296296299
48 48 0.012222222222222209
54 48 0.00038580246913580223
55 48 0.002700617283950618
56 48 0.0046296296296296285
62 48 3.0864197530864164e-05
63 48 0.00021604938271604934
64 48 0.00037037037037037014
33 49 0.00018518518518518528
34 49 0.00010802469135802475
35 49 1.5432098765432109e-05
41 49 0.0046296296296296294
42 49 0.0027006172839506163
43 49 0.00038580246913580245
49 49 0.0074074074074074025
50 49 0.0043209876543209864
51 49 0.00061728395061728383
57 49 0.0025925925925925917
58 49 0.0015123456790123461
59 49 0.00021604938271604948
33 50 0.00010802469135802475
34 50 0.00030864197530864219
35 50 0.00019290123456790136
36 50 7.716049382716053e-06
41 50 0.0027006172839506163
42 50 0.0077160493827160481
43 50 0.0048225308641975297
44 50 0.00019290123456790114
49 50 0.0043209876543209864
50 50 0.012345679012345684
51 50 0.0077160493827160481
52 50 0.00030864197530864186
57 50 0.0015123456790123461
58 50 0.004320987654320989
59 50 0.0027006172839506176
60 50 0.00010802469135802472
33 51 1.5432098765432109e-05
34 51 0.00019290123456790136
35 51 0.00050925925925925976
36 51 0.00020061728395061746
37 51 7.7160493827160546e-06
41 51 0.00038580246913580245
42 51 0.0048225308641975297
43 51 0.012731481481481476
44 51 0.0050154320987654336
45 51 0.00019290123456790122
49 51 0.00061728395061728372
50 51 0.0077160493827160481
51 51 0.020370370370370362
52 51 0.0080246913580246885
53 51 0.00030864197530864197
57 51 0.00021604938271604945
58 51 0.0027006172839506176
59 51 0.0071296296296296281
60 51 0.0028086419753086426
61 51 0.00010802469135802475
34 52 7.716049382716053e-06
35 52 0.00020061728395061746
36 52 0.00050925925925925965
37 52 0.00020061728395061743
38 52 7.7160493827160496e-06
42 52 0.00019290123456790114
43 52 0.0050154320987654336
44 52 0.012731481481481476
45 52 0.0050154320987654344
46 52 0.00019290123456790114
50 52 0.00030864197530864186
51 52 0.0080246913580246885
52 52 0.020370370370370362
53 52 0.0080246913580246867
54 52 0.0003086419753086417
58 52 0.0001080246913580247
59 52 0.0028086419753086426
60 52 0.007129629629629629
61 52 0.0028086419753086426
62 52 0.0001080246913580247
35 53 7.7160493827160546e-06
36 53 0.00020061728395061743
37 53 0.00050925925925925986
38 53 0.00020061728395061746
39 53 7.7160493827160614e-06
43 53 0.00019290123456790122
44 53 0.0050154320987654344
45 53 0.012731481481481483
46 53 0.0050154320987654318
47 53 0.00019290123456790133
51 53 0.00030864197530864197
52 53 0.0080246913580246867
53 53 0.020370370370370369
54 53 0.0080246913580246867
55 53 0.00030864197530864213
59 53 0.00010802469135802475
60 53 0.0028086419753086426
61 53 0.0071296296296296316
62 53 0.0028086419753086422
63 53 0.00010802469135802483
36 54 7.7160493827160496e-06
37 54 0.00020061728395061746
38 54 0.00050925925925925965
39 54 0.00019290123456790136
40 54 1.5432098765432099e-05
44 54 0.00019290123456790112
45 54 0.0050154320987654318
46 54 0.012731481481481481
47 54 0.0048225308641975297
48 54 0.00038580246913580229
52 54 0.0003086419753086417
53 54 0.0080246913580246867
54 54 0.020370370370370362
55 54 0.0077160493827160438
56 54 0.0006172839506172835
60 54 0.0001080246913580247
61 54 0.0028086419753086422
62 54 0.0071296296296296281
63 54 0.0027006172839506176
64 54 0.00021604938271604937
37 55 7.7160493827160614e-06
38 55 0.00019290123456790136
39 55 0.00030864197530864208
40 55 0.00010802469135802483
45 55 0.00019290123456790133
46 55 0.0048225308641975297
47 55 0.0077160493827160446
48 55 0.002700617283950618
53 55 0.00030864197530864213
54 55 0.0077160493827160446
55 55 0.012345679012345677
56 55 0.0043209876543209881
61 55 0.00010802469135802483
62 55 0.0027006172839506176
63 55 0.004320987654320989
64 55 0.0015123456790123466
38 56 1.5432098765432099e-05
39 56 0.00010802469135802485
40 56 0.00018518518518518528
46 56 0.00038580246913580223
47 56 0.002700617283950618
48 56 0.0046296296296296285
54 56 0.0006172839506172835
55 56 0.0043209876543209881
56 56 0.0074074074074074025
62 56 0.00021604938271604937
63 56 0.0015123456790123466
64 56 0.0025925925925925934
41 57 0.00037037037037037008
42 57 0.00021604938271604929
43 57 3.0864197530864178e-05
49 57 0.0025925925925925917
50 57 0.0015123456790123459
51 57 0.00021604938271604948
57 57 0.0044444444444444427
58 57 0.0025925925925925917
59 57 0.0003703703703703703
41 58 0.00021604938271604929
42 58 0.0006172839506172834
43 58 0.00038580246913580223
44 58 1.5432098765432086e-05
49 58 0.0015123456790123459
50 58 0.0043209876543209881
51 58 0.0027006172839506176
52 58 0.00010802469135802471
57 58 0.0025925925925925917
58 58 0.007407407407407406
59 58 0.0046296296296296285
60 58 0.00018518518518518509
41 59 3.0864197530864178e-05
42 59 0.00038580246913580223
43 59 0.0010185185185185182
44 59 0.00040123456790123433
45 59 1.5432098765432092e-05
49 59 0.00021604938271604948
50 59 0.0027006172839506176
51 59 0.0071296296296296281
52 59 0.0028086419753086426
53 59 0.00010802469135802475
57 59 0.0003703703703703703
58 59 0.0046296296296296285
59 59 0.012222222222222211
60 59 0.0048148148148148134
61 59 0.00018518518518518518
42 60 1.5432098765432086e-05
43 60 0.00040123456790123438
44 60 0.0010185185185185182
45 60 0.00040123456790123433
46 60 1.5432098765432082e-05
50 60 0.00010802469135802471
51 60 0.0028086419753086426
52 60 0.007129629629629629
53 60 0.0028086419753086426
54 60 0.0001080246913580247
58 60 0.00018518518518518509
59 60 0.0048148148148148134
60 60 0.012222222222222211
61 60 0.0048148148148148134
62 60 0.00018518518518518504
43 61 1.5432098765432092e-05
44 61 0.00040123456790123444
45 61 0.0010185185185185186
46 61 0.00040123456790123427
47 61 1.5432098765432099e-05
51 61 0.00010802469135802474
52 61 0.0028086419753086426
53 61 0.0071296296296296316
54 61 0.0028086419753086422
55 61 0.00010802469135802482
59 61 0.00018518518518518515
60 61 0.0048148148148148134
61 61 0.012222222222222218
62 61 0.0048148148148148134
63 61 0.00018518518518518528
44 62 1.5432098765432082e-05
45 62 0.00040123456790123427
46 62 0.0010185185185185184
47 62 0.00038580246913580223
48 62 3.0864197530864164e-05
52 62 0.00010802469135802467
53 62 0.0028086419753086422
54 62 0.0071296296296296281
55 62 0.0027006172839506176
56 62 0.00021604938271604937
60 62 0.00018518518518518504
61 62 0.0048148148148148117
62 62 0.012222222222222211
63 62 0.0046296296296296285
64 62 0.00037037037037037008
45 63 1.5432098765432099e-05
46 63 0.00038580246913580223
47 63 0.00061728395061728361
48 63 0.00021604938271604939
53 63 0.00010802469135802482
54 63 0.0027006172839506176
55 63 0.004320987654320989
56 63 0.0015123456790123466
61 63 0.00018518518518518528
62 63 0.0046296296296296285
63 63 0.0074074074074074016
64 63 0.0025925925925925925
46 64 3.0864197530864164e-05
47 64 0.00021604938271604939
48 64 0.00037037037037037014
54 64 0.00021604938271604937
55 64 0.0015123456790123466
56 64 0.002592592592592593
62 64 0.00037037037037037008
63 64 0.0025925925925925925
64 64 0.0044444444444444418


