# Created by Octave 5.2.0, Tue Oct 26 13:05:14 2021 CEST <omen@omen-linux>
# name: riga_8
# type: sparse matrix
# nnz: 1936
# rows: 100
# columns: 100
1 1 0.0024999999999999996
2 1 0.0014583333333333327
3 1 0.00020833333333333332
11 1 0.0014583333333333325
12 1 0.00085069444444444418
13 1 0.00012152777777777779
21 1 0.00020833333333333327
22 1 0.00012152777777777781
23 1 1.7361111111111118e-05
1 2 0.0014583333333333327
2 2 0.0041666666666666649
3 2 0.0026041666666666652
4 2 0.00010416666666666666
11 2 0.00085069444444444418
12 2 0.0024305555555555565
13 2 0.001519097222222222
14 2 6.0763888888888907e-05
21 2 0.00012152777777777781
22 2 0.00034722222222222245
23 2 0.0002170138888888889
24 2 8.6805555555555589e-06
1 3 0.00020833333333333332
2 3 0.0026041666666666652
3 3 0.0068749999999999983
4 3 0.0027083333333333313
5 3 0.00010416666666666666
11 3 0.00012152777777777779
12 3 0.001519097222222222
13 3 0.0040104166666666647
14 3 0.0015798611111111104
15 3 6.0763888888888901e-05
21 3 1.7361111111111118e-05
22 3 0.0002170138888888889
23 3 0.00057291666666666667
24 3 0.00022569444444444443
25 3 8.6805555555555606e-06
2 4 0.00010416666666666666
3 4 0.0027083333333333313
4 4 0.0068749999999999992
5 4 0.0027083333333333321
6 4 0.0001041666666666667
12 4 6.0763888888888907e-05
13 4 0.0015798611111111104
14 4 0.0040104166666666665
15 4 0.0015798611111111107
16 4 6.0763888888888921e-05
22 4 8.6805555555555589e-06
23 4 0.00022569444444444443
24 4 0.00057291666666666678
25 4 0.00022569444444444449
26 4 8.6805555555555623e-06
3 5 0.00010416666666666666
4 5 0.0027083333333333317
5 5 0.0068749999999999992
6 5 0.0027083333333333313
7 5 0.0001041666666666667
13 5 6.0763888888888901e-05
14 5 0.0015798611111111107
15 5 0.0040104166666666665
16 5 0.0015798611111111102
17 5 6.0763888888888935e-05
23 5 8.6805555555555589e-06
24 5 0.00022569444444444449
25 5 0.00057291666666666678
26 5 0.00022569444444444449
27 5 8.6805555555555623e-06
4 6 0.0001041666666666667
5 6 0.0027083333333333313
6 6 0.006875
7 6 0.0027083333333333313
8 6 0.00010416666666666658
14 6 6.0763888888888921e-05
15 6 0.0015798611111111102
16 6 0.0040104166666666665
17 6 0.0015798611111111098
18 6 6.076388888888886e-05
24 6 8.6805555555555623e-06
25 6 0.00022569444444444449
26 6 0.00057291666666666689
27 6 0.00022569444444444446
28 6 8.6805555555555539e-06
5 7 0.0001041666666666667
6 7 0.0027083333333333308
7 7 0.0068749999999999983
8 7 0.0027083333333333321
9 7 0.00010416666666666667
15 7 6.0763888888888935e-05
16 7 0.0015798611111111098
17 7 0.0040104166666666647
18 7 0.0015798611111111111
19 7 6.0763888888888921e-05
25 7 8.6805555555555623e-06
26 7 0.00022569444444444446
27 7 0.00057291666666666667
28 7 0.00022569444444444454
29 7 8.6805555555555572e-06
6 8 0.00010416666666666658
7 8 0.0027083333333333321
8 8 0.0068749999999999983
9 8 0.0026041666666666661
10 8 0.00020833333333333346
16 8 6.076388888888886e-05
17 8 0.0015798611111111111
18 8 0.0040104166666666647
19 8 0.0015190972222222216
20 8 0.00012152777777777792
26 8 8.6805555555555539e-06
27 8 0.00022569444444444454
28 8 0.00057291666666666656
29 8 0.00021701388888888893
30 8 1.7361111111111131e-05
7 9 0.00010416666666666667
8 9 0.0026041666666666661
9 9 0.0041666666666666675
10 9 0.0014583333333333345
17 9 6.0763888888888921e-05
18 9 0.0015190972222222216
19 9 0.002430555555555556
20 9 0.00085069444444444526
27 9 8.6805555555555572e-06
28 9 0.00021701388888888893
29 9 0.00034722222222222234
30 9 0.00012152777777777794
8 10 0.00020833333333333346
9 10 0.0014583333333333345
10 10 0.0024999999999999953
18 10 0.00012152777777777792
19 10 0.00085069444444444526
20 10 0.0014583333333333308
28 10 1.7361111111111131e-05
29 10 0.00012152777777777794
30 10 0.00020833333333333302
1 11 0.001458333333333333
2 11 0.00085069444444444418
3 11 0.00012152777777777779
11 11 0.0041666666666666657
12 11 0.002430555555555556
13 11 0.0003472222222222224
21 11 0.0026041666666666648
22 11 0.0015190972222222218
23 11 0.0002170138888888889
31 11 0.00010416666666666666
32 11 6.0763888888888907e-05
33 11 8.6805555555555589e-06
1 12 0.00085069444444444418
2 12 0.0024305555555555565
3 12 0.0015190972222222218
4 12 6.0763888888888894e-05
11 12 0.0024305555555555565
12 12 0.0069444444444444423
13 12 0.004340277777777778
14 12 0.0001736111111111112
21 12 0.0015190972222222218
22 12 0.004340277777777778
23 12 0.0027126736111111097
24 12 0.00010850694444444445
31 12 6.0763888888888907e-05
32 12 0.00017361111111111123
33 12 0.00010850694444444445
34 12 4.3402777777777795e-06
1 13 0.00012152777777777779
2 13 0.0015190972222222218
3 13 0.0040104166666666647
4 13 0.0015798611111111104
5 13 6.0763888888888901e-05
11 13 0.0003472222222222224
12 13 0.004340277777777778
13 13 0.011458333333333339
14 13 0.0045138888888888902
15 13 0.00017361111111111123
21 13 0.0002170138888888889
22 13 0.0027126736111111097
23 13 0.0071614583333333339
24 13 0.0028211805555555546
25 13 0.00010850694444444442
31 13 8.6805555555555589e-06
32 13 0.00010850694444444445
33 13 0.00028645833333333333
34 13 0.00011284722222222222
35 13 4.3402777777777803e-06
2 14 6.0763888888888907e-05
3 14 0.0015798611111111104
4 14 0.0040104166666666665
5 14 0.0015798611111111107
6 14 6.0763888888888921e-05
12 14 0.0001736111111111112
13 14 0.0045138888888888893
14 14 0.011458333333333339
15 14 0.0045138888888888919
16 14 0.00017361111111111131
22 14 0.00010850694444444445
23 14 0.0028211805555555546
24 14 0.007161458333333333
25 14 0.0028211805555555546
26 14 0.00010850694444444448
32 14 4.3402777777777795e-06
33 14 0.00011284722222222222
34 14 0.00028645833333333339
35 14 0.00011284722222222224
36 14 4.3402777777777812e-06
3 15 6.0763888888888901e-05
4 15 0.0015798611111111107
5 15 0.0040104166666666665
6 15 0.0015798611111111102
7 15 6.0763888888888935e-05
13 15 0.00017361111111111123
14 15 0.0045138888888888919
15 15 0.011458333333333339
16 15 0.0045138888888888902
17 15 0.00017361111111111133
23 15 0.00010850694444444441
24 15 0.0028211805555555546
25 15 0.0071614583333333348
26 15 0.0028211805555555542
27 15 0.00010850694444444449
33 15 4.3402777777777795e-06
34 15 0.00011284722222222224
35 15 0.00028645833333333339
36 15 0.00011284722222222224
37 15 4.3402777777777812e-06
4 16 6.0763888888888921e-05
5 16 0.0015798611111111102
6 16 0.0040104166666666665
7 16 0.0015798611111111098
8 16 6.076388888888886e-05
14 16 0.00017361111111111131
15 16 0.0045138888888888902
16 16 0.011458333333333339
17 16 0.0045138888888888893
18 16 0.00017361111111111112
24 16 0.00010850694444444448
25 16 0.0028211805555555542
26 16 0.0071614583333333365
27 16 0.0028211805555555542
28 16 0.00010850694444444438
34 16 4.3402777777777812e-06
35 16 0.00011284722222222224
36 16 0.00028645833333333344
37 16 0.00011284722222222223
38 16 4.3402777777777769e-06
5 17 6.0763888888888935e-05
6 17 0.0015798611111111098
7 17 0.0040104166666666647
8 17 0.0015798611111111111
9 17 6.0763888888888921e-05
15 17 0.00017361111111111133
16 17 0.0045138888888888893
17 17 0.011458333333333336
18 17 0.0045138888888888919
19 17 0.00017361111111111128
25 17 0.00010850694444444449
26 17 0.0028211805555555542
27 17 0.0071614583333333313
28 17 0.0028211805555555551
29 17 0.00010850694444444447
35 17 4.3402777777777812e-06
36 17 0.00011284722222222223
37 17 0.00028645833333333333
38 17 0.00011284722222222227
39 17 4.3402777777777786e-06
6 18 6.076388888888886e-05
7 18 0.0015798611111111111
8 18 0.0040104166666666647
9 18 0.0015190972222222216
10 18 0.0001215277777777779
16 18 0.00017361111111111112
17 18 0.0045138888888888919
18 18 0.011458333333333338
19 18 0.0043402777777777771
20 18 0.00034722222222222278
26 18 0.00010850694444444438
27 18 0.0028211805555555551
28 18 0.0071614583333333348
29 18 0.0027126736111111114
30 18 0.00021701388888888904
36 18 4.3402777777777769e-06
37 18 0.00011284722222222227
38 18 0.00028645833333333328
39 18 0.00010850694444444447
40 18 8.6805555555555657e-06
7 19 6.0763888888888921e-05
8 19 0.0015190972222222216
9 19 0.002430555555555556
10 19 0.00085069444444444526
17 19 0.00017361111111111128
18 19 0.0043402777777777771
19 19 0.0069444444444444475
20 19 0.0024305555555555582
27 19 0.00010850694444444447
28 19 0.0027126736111111114
29 19 0.0043402777777777806
30 19 0.001519097222222224
37 19 4.3402777777777786e-06
38 19 0.00010850694444444447
39 19 0.00017361111111111117
40 19 6.0763888888888968e-05
8 20 0.0001215277777777779
9 20 0.00085069444444444526
10 20 0.0014583333333333308
18 20 0.00034722222222222278
19 20 0.0024305555555555586
20 20 0.0041666666666666597
28 20 0.00021701388888888904
29 20 0.001519097222222224
30 20 0.0026041666666666618
38 20 8.6805555555555657e-06
39 20 6.0763888888888968e-05
40 20 0.00010416666666666651
1 21 0.00020833333333333327
2 21 0.00012152777777777781
3 21 1.7361111111111118e-05
11 21 0.0026041666666666648
12 21 0.001519097222222222
13 21 0.0002170138888888889
21 21 0.0068749999999999992
22 21 0.0040104166666666665
23 21 0.00057291666666666678
31 21 0.0027083333333333308
32 21 0.0015798611111111109
33 21 0.00022569444444444443
41 21 0.00010416666666666665
42 21 6.0763888888888894e-05
43 21 8.6805555555555589e-06
1 22 0.00012152777777777781
2 22 0.00034722222222222245
3 22 0.0002170138888888889
4 22 8.6805555555555589e-06
11 22 0.001519097222222222
12 22 0.004340277777777778
13 22 0.0027126736111111097
14 22 0.00010850694444444445
21 22 0.0040104166666666665
22 22 0.011458333333333336
23 22 0.0071614583333333348
24 22 0.00028645833333333339
31 22 0.0015798611111111107
32 22 0.0045138888888888902
33 22 0.0028211805555555538
34 22 0.00011284722222222223
41 22 6.0763888888888894e-05
42 22 0.00017361111111111123
43 22 0.00010850694444444442
44 22 4.3402777777777795e-06
1 23 1.7361111111111118e-05
2 23 0.0002170138888888889
3 23 0.00057291666666666667
4 23 0.00022569444444444443
5 23 8.6805555555555589e-06
11 23 0.0002170138888888889
12 23 0.0027126736111111097
13 23 0.0071614583333333339
14 23 0.0028211805555555546
15 23 0.00010850694444444442
21 23 0.00057291666666666678
22 23 0.0071614583333333348
23 23 0.018906249999999999
24 23 0.0074479166666666643
25 23 0.00028645833333333339
31 23 0.00022569444444444446
32 23 0.0028211805555555538
33 23 0.0074479166666666643
34 23 0.0029340277777777763
35 23 0.0001128472222222222
41 23 8.6805555555555589e-06
42 23 0.00010850694444444442
43 23 0.00028645833333333339
44 23 0.00011284722222222219
45 23 4.3402777777777795e-06
2 24 8.6805555555555589e-06
3 24 0.00022569444444444443
4 24 0.00057291666666666678
5 24 0.00022569444444444449
6 24 8.6805555555555623e-06
12 24 0.00010850694444444445
13 24 0.0028211805555555546
14 24 0.007161458333333333
15 24 0.0028211805555555546
16 24 0.00010850694444444448
22 24 0.00028645833333333339
23 24 0.0074479166666666643
24 24 0.018906250000000006
25 24 0.0074479166666666678
26 24 0.00028645833333333355
32 24 0.00011284722222222223
33 24 0.0029340277777777763
34 24 0.0074479166666666652
35 24 0.0029340277777777763
36 24 0.00011284722222222226
42 24 4.3402777777777795e-06
43 24 0.00011284722222222219
44 24 0.00028645833333333339
45 24 0.00011284722222222222
46 24 4.340277777777782e-06
3 25 8.6805555555555589e-06
4 25 0.00022569444444444449
5 25 0.00057291666666666678
6 25 0.00022569444444444449
7 25 8.6805555555555623e-06
13 25 0.00010850694444444442
14 25 0.0028211805555555546
15 25 0.0071614583333333348
16 25 0.0028211805555555542
17 25 0.00010850694444444452
23 25 0.00028645833333333333
24 25 0.0074479166666666678
25 25 0.01890625000000001
26 25 0.0074479166666666669
27 25 0.00028645833333333361
33 25 0.00011284722222222219
34 25 0.0029340277777777763
35 25 0.0074479166666666652
36 25 0.0029340277777777754
37 25 0.00011284722222222227
43 25 4.3402777777777795e-06
44 25 0.00011284722222222222
45 25 0.00028645833333333344
46 25 0.00011284722222222222
47 25 4.340277777777782e-06
4 26 8.6805555555555623e-06
5 26 0.00022569444444444449
6 26 0.00057291666666666689
7 26 0.00022569444444444446
8 26 8.6805555555555539e-06
14 26 0.00010850694444444448
15 26 0.0028211805555555542
16 26 0.0071614583333333365
17 26 0.0028211805555555542
18 26 0.00010850694444444438
24 26 0.00028645833333333355
25 26 0.0074479166666666669
26 26 0.01890625000000001
27 26 0.0074479166666666643
28 26 0.00028645833333333323
34 26 0.00011284722222222226
35 26 0.0029340277777777754
36 26 0.0074479166666666643
37 26 0.0029340277777777754
38 26 0.00011284722222222215
44 26 4.340277777777782e-06
45 26 0.00011284722222222222
46 26 0.00028645833333333344
47 26 0.0001128472222222222
48 26 4.3402777777777761e-06
5 27 8.6805555555555623e-06
6 27 0.00022569444444444446
7 27 0.00057291666666666667
8 27 0.00022569444444444454
9 27 8.6805555555555572e-06
15 27 0.00010850694444444449
16 27 0.0028211805555555542
17 27 0.0071614583333333322
18 27 0.0028211805555555551
19 27 0.00010850694444444447
25 27 0.00028645833333333361
26 27 0.0074479166666666643
27 27 0.018906249999999999
28 27 0.0074479166666666687
29 27 0.00028645833333333344
35 27 0.00011284722222222227
36 27 0.0029340277777777754
37 27 0.0074479166666666635
38 27 0.0029340277777777767
39 27 0.00011284722222222223
45 27 4.340277777777782e-06
46 27 0.0001128472222222222
47 27 0.00028645833333333333
48 27 0.00011284722222222222
49 27 4.3402777777777803e-06
6 28 8.6805555555555539e-06
7 28 0.00022569444444444454
8 28 0.00057291666666666656
9 28 0.00021701388888888893
10 28 1.7361111111111131e-05
16 28 0.00010850694444444438
17 28 0.0028211805555555551
18 28 0.0071614583333333339
19 28 0.0027126736111111114
20 28 0.00021701388888888909
26 28 0.00028645833333333323
27 28 0.0074479166666666687
28 28 0.018906249999999999
29 28 0.0071614583333333296
30 28 0.00057291666666666732
36 28 0.00011284722222222215
37 28 0.0029340277777777767
38 28 0.0074479166666666635
39 28 0.0028211805555555551
40 28 0.0002256944444444446
46 28 4.3402777777777761e-06
47 28 0.00011284722222222222
48 28 0.00028645833333333333
49 28 0.00010850694444444448
50 28 8.6805555555555657e-06
7 29 8.6805555555555572e-06
8 29 0.00021701388888888893
9 29 0.00034722222222222234
10 29 0.00012152777777777792
17 29 0.00010850694444444447
18 29 0.0027126736111111114
19 29 0.0043402777777777806
20 29 0.001519097222222224
27 29 0.00028645833333333344
28 29 0.0071614583333333296
29 29 0.011458333333333345
30 29 0.0040104166666666699
37 29 0.00011284722222222223
38 29 0.0028211805555555551
39 29 0.0045138888888888919
40 29 0.0015798611111111126
47 29 4.3402777777777803e-06
48 29 0.00010850694444444448
49 29 0.00017361111111111117
50 29 6.0763888888888955e-05
8 30 1.7361111111111131e-05
9 30 0.00012152777777777792
10 30 0.00020833333333333302
18 30 0.00021701388888888904
19 30 0.001519097222222224
20 30 0.0026041666666666618
28 30 0.00057291666666666732
29 30 0.0040104166666666699
30 30 0.0068749999999999896
38 30 0.0002256944444444446
39 30 0.0015798611111111126
40 30 0.0027083333333333282
48 30 8.6805555555555674e-06
49 30 6.0763888888888955e-05
50 30 0.00010416666666666651
11 31 0.00010416666666666666
12 31 6.0763888888888907e-05
13 31 8.6805555555555589e-06
21 31 0.0027083333333333313
22 31 0.0015798611111111109
23 31 0.00022569444444444446
31 31 0.0068749999999999983
32 31 0.0040104166666666673
33 31 0.00057291666666666678
41 31 0.0027083333333333317
42 31 0.0015798611111111111
43 31 0.00022569444444444449
51 31 0.0001041666666666667
52 31 6.0763888888888928e-05
53 31 8.680555555555564e-06
11 32 6.0763888888888907e-05
12 32 0.00017361111111111123
13 32 0.00010850694444444445
14 32 4.3402777777777795e-06
21 32 0.0015798611111111109
22 32 0.0045138888888888893
23 32 0.0028211805555555538
24 32 0.00011284722222222223
31 32 0.0040104166666666673
32 32 0.011458333333333334
33 32 0.0071614583333333356
34 32 0.00028645833333333339
41 32 0.0015798611111111111
42 32 0.0045138888888888902
43 32 0.0028211805555555542
44 32 0.00011284722222222224
51 32 6.0763888888888928e-05
52 32 0.00017361111111111131
53 32 0.00010850694444444448
54 32 4.340277777777782e-06
11 33 8.6805555555555589e-06
12 33 0.00010850694444444445
13 33 0.00028645833333333333
14 33 0.00011284722222222222
15 33 4.3402777777777795e-06
21 33 0.00022569444444444446
22 33 0.0028211805555555538
23 33 0.0074479166666666643
24 33 0.0029340277777777763
25 33 0.0001128472222222222
31 33 0.00057291666666666678
32 33 0.0071614583333333356
33 33 0.018906250000000006
34 33 0.0074479166666666652
35 33 0.00028645833333333344
41 33 0.00022569444444444449
42 33 0.0028211805555555542
43 33 0.0074479166666666669
44 33 0.0029340277777777767
45 33 0.00011284722222222222
51 33 8.6805555555555623e-06
52 33 0.00010850694444444448
53 33 0.00028645833333333355
54 33 0.00011284722222222224
55 33 4.340277777777782e-06
12 34 4.3402777777777795e-06
13 34 0.00011284722222222222
14 34 0.00028645833333333339
15 34 0.00011284722222222224
16 34 4.3402777777777812e-06
22 34 0.00011284722222222223
23 34 0.0029340277777777759
24 34 0.0074479166666666652
25 34 0.0029340277777777763
26 34 0.00011284722222222226
32 34 0.00028645833333333339
33 34 0.0074479166666666652
34 34 0.01890625000000001
35 34 0.0074479166666666678
36 34 0.00028645833333333355
42 34 0.00011284722222222224
43 34 0.0029340277777777767
44 34 0.0074479166666666678
45 34 0.0029340277777777772
46 34 0.00011284722222222227
52 34 4.340277777777782e-06
53 34 0.00011284722222222224
54 34 0.00028645833333333355
55 34 0.00011284722222222227
56 34 4.3402777777777837e-06
13 35 4.3402777777777795e-06
14 35 0.00011284722222222224
15 35 0.00028645833333333339
16 35 0.00011284722222222224
17 35 4.3402777777777812e-06
23 35 0.0001128472222222222
24 35 0.0029340277777777763
25 35 0.0074479166666666652
26 35 0.0029340277777777754
27 35 0.00011284722222222227
33 35 0.00028645833333333344
34 35 0.0074479166666666687
35 35 0.018906250000000017
36 35 0.0074479166666666678
37 35 0.00028645833333333361
43 35 0.00011284722222222223
44 35 0.0029340277777777772
45 35 0.0074479166666666678
46 35 0.0029340277777777767
47 35 0.00011284722222222228
53 35 4.340277777777782e-06
54 35 0.00011284722222222227
55 35 0.00028645833333333361
56 35 0.00011284722222222227
57 35 4.3402777777777837e-06
14 36 4.3402777777777812e-06
15 36 0.00011284722222222224
16 36 0.00028645833333333344
17 36 0.00011284722222222223
18 36 4.3402777777777769e-06
24 36 0.00011284722222222226
25 36 0.0029340277777777754
26 36 0.0074479166666666643
27 36 0.0029340277777777754
28 36 0.00011284722222222215
34 36 0.00028645833333333355
35 36 0.0074479166666666678
36 36 0.018906250000000017
37 36 0.0074479166666666643
38 36 0.00028645833333333323
44 36 0.00011284722222222227
45 36 0.0029340277777777767
46 36 0.0074479166666666669
47 36 0.0029340277777777767
48 36 0.00011284722222222216
54 36 4.3402777777777837e-06
55 36 0.00011284722222222227
56 36 0.00028645833333333361
57 36 0.00011284722222222226
58 36 4.3402777777777786e-06
15 37 4.3402777777777812e-06
16 37 0.00011284722222222223
17 37 0.00028645833333333333
18 37 0.00011284722222222227
19 37 4.3402777777777786e-06
25 37 0.00011284722222222227
26 37 0.0029340277777777754
27 37 0.0074479166666666635
28 37 0.0029340277777777767
29 37 0.00011284722222222223
35 37 0.00028645833333333361
36 37 0.0074479166666666652
37 37 0.018906250000000003
38 37 0.0074479166666666695
39 37 0.00028645833333333344
45 37 0.00011284722222222228
46 37 0.0029340277777777767
47 37 0.0074479166666666661
48 37 0.0029340277777777776
49 37 0.00011284722222222224
55 37 4.3402777777777837e-06
56 37 0.00011284722222222226
57 37 0.00028645833333333344
58 37 0.00011284722222222227
59 37 4.3402777777777829e-06
16 38 4.3402777777777769e-06
17 38 0.00011284722222222227
18 38 0.00028645833333333328
19 38 0.00010850694444444447
20 38 8.6805555555555657e-06
26 38 0.00011284722222222215
27 38 0.0029340277777777767
28 38 0.0074479166666666635
29 38 0.0028211805555555551
30 38 0.0002256944444444446
36 38 0.00028645833333333323
37 38 0.0074479166666666695
38 38 0.018906250000000006
39 38 0.0071614583333333304
40 38 0.00057291666666666743
46 38 0.00011284722222222216
47 38 0.0029340277777777776
48 38 0.0074479166666666652
49 38 0.0028211805555555555
50 38 0.00022569444444444462
56 38 4.3402777777777786e-06
57 38 0.00011284722222222227
58 38 0.00028645833333333355
59 38 0.00010850694444444451
60 38 8.6805555555555691e-06
17 39 4.3402777777777786e-06
18 39 0.00010850694444444447
19 39 0.00017361111111111117
20 39 6.0763888888888962e-05
27 39 0.00011284722222222223
28 39 0.0028211805555555551
29 39 0.0045138888888888911
30 39 0.0015798611111111126
37 39 0.00028645833333333344
38 39 0.0071614583333333304
39 39 0.011458333333333343
40 39 0.0040104166666666717
47 39 0.00011284722222222224
48 39 0.0028211805555555555
49 39 0.0045138888888888919
50 39 0.0015798611111111128
57 39 4.3402777777777829e-06
58 39 0.00010850694444444451
59 39 0.00017361111111111125
60 39 6.0763888888888996e-05
18 40 8.6805555555555657e-06
19 40 6.0763888888888962e-05
20 40 0.00010416666666666651
28 40 0.0002256944444444446
29 40 0.0015798611111111126
30 40 0.0027083333333333282
38 40 0.00057291666666666743
39 40 0.0040104166666666717
40 40 0.0068749999999999905
48 40 0.00022569444444444462
49 40 0.0015798611111111128
50 40 0.0027083333333333291
58 40 8.6805555555555708e-06
59 40 6.0763888888888996e-05
60 40 0.00010416666666666656
21 41 0.00010416666666666665
22 41 6.0763888888888894e-05
23 41 8.6805555555555589e-06
31 41 0.0027083333333333321
32 41 0.0015798611111111111
33 41 0.00022569444444444449
41 41 0.0068749999999999992
42 41 0.0040104166666666673
43 41 0.00057291666666666689
51 41 0.0027083333333333317
52 41 0.0015798611111111109
53 41 0.00022569444444444449
61 41 0.0001041666666666667
62 41 6.0763888888888948e-05
63 41 8.680555555555564e-06
21 42 6.0763888888888894e-05
22 42 0.00017361111111111123
23 42 0.00010850694444444442
24 42 4.3402777777777795e-06
31 42 0.0015798611111111111
32 42 0.0045138888888888902
33 42 0.0028211805555555538
34 42 0.00011284722222222224
41 42 0.0040104166666666673
42 42 0.011458333333333336
43 42 0.0071614583333333356
44 42 0.0002864583333333335
51 42 0.0015798611111111107
52 42 0.0045138888888888893
53 42 0.0028211805555555533
54 42 0.00011284722222222224
61 42 6.0763888888888948e-05
62 42 0.00017361111111111131
63 42 0.00010850694444444449
64 42 4.340277777777782e-06
21 43 8.6805555555555589e-06
22 43 0.00010850694444444442
23 43 0.00028645833333333339
24 43 0.00011284722222222219
25 43 4.3402777777777795e-06
31 43 0.00022569444444444449
32 43 0.0028211805555555538
33 43 0.0074479166666666669
34 43 0.0029340277777777767
35 43 0.00011284722222222222
41 43 0.00057291666666666689
42 43 0.0071614583333333374
43 43 0.01890625000000001
44 43 0.0074479166666666652
45 43 0.0002864583333333335
51 43 0.00022569444444444449
52 43 0.0028211805555555533
53 43 0.0074479166666666652
54 43 0.0029340277777777763
55 43 0.00011284722222222223
61 43 8.680555555555564e-06
62 43 0.00010850694444444449
63 43 0.00028645833333333355
64 43 0.00011284722222222227
65 43 4.3402777777777829e-06
22 44 4.3402777777777795e-06
23 44 0.00011284722222222219
24 44 0.00028645833333333339
25 44 0.00011284722222222222
26 44 4.340277777777782e-06
32 44 0.00011284722222222224
33 44 0.0029340277777777767
34 44 0.0074479166666666678
35 44 0.0029340277777777772
36 44 0.00011284722222222226
42 44 0.00028645833333333344
43 44 0.0074479166666666652
44 44 0.018906250000000017
45 44 0.0074479166666666678
46 44 0.00028645833333333361
52 44 0.00011284722222222224
53 44 0.0029340277777777763
54 44 0.0074479166666666661
55 44 0.0029340277777777763
56 44 0.00011284722222222227
62 44 4.340277777777782e-06
63 44 0.00011284722222222227
64 44 0.00028645833333333361
65 44 0.00011284722222222228
66 44 4.3402777777777846e-06
23 45 4.3402777777777795e-06
24 45 0.00011284722222222222
25 45 0.00028645833333333344
26 45 0.00011284722222222222
27 45 4.340277777777782e-06
33 45 0.00011284722222222222
34 45 0.0029340277777777772
35 45 0.0074479166666666678
36 45 0.0029340277777777767
37 45 0.00011284722222222228
43 45 0.0002864583333333335
44 45 0.0074479166666666687
45 45 0.018906250000000017
46 45 0.0074479166666666678
47 45 0.00028645833333333366
53 45 0.00011284722222222223
54 45 0.0029340277777777763
55 45 0.0074479166666666661
56 45 0.0029340277777777759
57 45 0.00011284722222222228
63 45 4.3402777777777829e-06
64 45 0.00011284722222222228
65 45 0.00028645833333333366
66 45 0.00011284722222222228
67 45 4.3402777777777846e-06
24 46 4.340277777777782e-06
25 46 0.00011284722222222222
26 46 0.00028645833333333339
27 46 0.0001128472222222222
28 46 4.3402777777777761e-06
34 46 0.00011284722222222227
35 46 0.0029340277777777767
36 46 0.0074479166666666669
37 46 0.0029340277777777767
38 46 0.00011284722222222216
44 46 0.00028645833333333361
45 46 0.0074479166666666678
46 46 0.018906250000000017
47 46 0.0074479166666666643
48 46 0.00028645833333333328
54 46 0.00011284722222222227
55 46 0.0029340277777777759
56 46 0.0074479166666666652
57 46 0.0029340277777777759
58 46 0.00011284722222222218
64 46 4.3402777777777854e-06
65 46 0.00011284722222222228
66 46 0.00028645833333333361
67 46 0.00011284722222222227
68 46 4.3402777777777795e-06
25 47 4.340277777777782e-06
26 47 0.0001128472222222222
27 47 0.00028645833333333328
28 47 0.00011284722222222222
29 47 4.3402777777777803e-06
35 47 0.00011284722222222228
36 47 0.0029340277777777767
37 47 0.0074479166666666661
38 47 0.0029340277777777776
39 47 0.00011284722222222224
45 47 0.00028645833333333366
46 47 0.0074479166666666652
47 47 0.018906250000000003
48 47 0.0074479166666666695
49 47 0.0002864583333333335
55 47 0.00011284722222222228
56 47 0.0029340277777777759
57 47 0.0074479166666666643
58 47 0.0029340277777777767
59 47 0.00011284722222222224
65 47 4.3402777777777854e-06
66 47 0.00011284722222222227
67 47 0.0002864583333333335
68 47 0.00011284722222222231
69 47 4.3402777777777837e-06
26 48 4.3402777777777761e-06
27 48 0.00011284722222222222
28 48 0.00028645833333333333
29 48 0.00010850694444444448
30 48 8.6805555555555674e-06
36 48 0.00011284722222222216
37 48 0.0029340277777777776
38 48 0.0074479166666666652
39 48 0.0028211805555555555
40 48 0.00022569444444444462
46 48 0.00028645833333333328
47 48 0.0074479166666666704
48 48 0.01890625000000001
49 48 0.007161458333333333
50 48 0.00057291666666666743
56 48 0.00011284722222222218
57 48 0.0029340277777777767
58 48 0.0074479166666666635
59 48 0.0028211805555555546
60 48 0.00022569444444444462
66 48 4.3402777777777795e-06
67 48 0.00011284722222222231
68 48 0.00028645833333333355
69 48 0.00010850694444444451
70 48 8.6805555555555708e-06
27 49 4.3402777777777803e-06
28 49 0.00010850694444444448
29 49 0.00017361111111111117
30 49 6.0763888888888962e-05
37 49 0.00011284722222222224
38 49 0.0028211805555555555
39 49 0.0045138888888888919
40 49 0.0015798611111111128
47 49 0.0002864583333333335
48 49 0.0071614583333333313
49 49 0.011458333333333345
50 49 0.0040104166666666717
57 49 0.00011284722222222224
58 49 0.0028211805555555551
59 49 0.0045138888888888911
60 49 0.0015798611111111124
67 49 4.3402777777777846e-06
68 49 0.00010850694444444451
69 49 0.00017361111111111128
70 49 6.0763888888889002e-05
28 50 8.6805555555555674e-06
29 50 6.0763888888888962e-05
30 50 0.00010416666666666651
38 50 0.00022569444444444462
39 50 0.0015798611111111128
40 50 0.0027083333333333291
48 50 0.00057291666666666743
49 50 0.0040104166666666717
50 50 0.0068749999999999905
58 50 0.00022569444444444462
59 50 0.0015798611111111126
60 50 0.0027083333333333287
68 50 8.6805555555555708e-06
69 50 6.0763888888889002e-05
70 50 0.00010416666666666656
31 51 0.0001041666666666667
32 51 6.0763888888888928e-05
33 51 8.680555555555564e-06
41 51 0.0027083333333333313
42 51 0.0015798611111111109
43 51 0.00022569444444444449
51 51 0.006875
52 51 0.0040104166666666673
53 51 0.00057291666666666699
61 51 0.0027083333333333317
62 51 0.0015798611111111107
63 51 0.00022569444444444446
71 51 0.00010416666666666658
72 51 6.0763888888888874e-05
73 51 8.6805555555555555e-06
31 52 6.0763888888888928e-05
32 52 0.00017361111111111133
33 52 0.00010850694444444448
34 52 4.340277777777782e-06
41 52 0.0015798611111111109
42 52 0.0045138888888888893
43 52 0.0028211805555555533
44 52 0.00011284722222222224
51 52 0.0040104166666666673
52 52 0.011458333333333336
53 52 0.0071614583333333374
54 52 0.0002864583333333335
61 52 0.0015798611111111104
62 52 0.0045138888888888885
63 52 0.0028211805555555533
64 52 0.00011284722222222223
71 52 6.0763888888888874e-05
72 52 0.00017361111111111114
73 52 0.0001085069444444444
74 52 4.3402777777777778e-06
31 53 8.6805555555555623e-06
32 53 0.00010850694444444448
33 53 0.00028645833333333355
34 53 0.00011284722222222224
35 53 4.340277777777782e-06
41 53 0.00022569444444444449
42 53 0.0028211805555555533
43 53 0.0074479166666666643
44 53 0.0029340277777777763
45 53 0.00011284722222222223
51 53 0.00057291666666666699
52 53 0.0071614583333333374
53 53 0.01890625000000001
54 53 0.0074479166666666652
55 53 0.0002864583333333335
61 53 0.00022569444444444446
62 53 0.0028211805555555533
63 53 0.0074479166666666626
64 53 0.0029340277777777754
65 53 0.00011284722222222222
71 53 8.6805555555555555e-06
72 53 0.00010850694444444437
73 53 0.00028645833333333317
74 53 0.00011284722222222215
75 53 4.3402777777777769e-06
32 54 4.340277777777782e-06
33 54 0.00011284722222222224
34 54 0.00028645833333333355
35 54 0.00011284722222222227
36 54 4.3402777777777837e-06
42 54 0.00011284722222222224
43 54 0.0029340277777777759
44 54 0.0074479166666666661
45 54 0.0029340277777777763
46 54 0.00011284722222222227
52 54 0.0002864583333333335
53 54 0.0074479166666666652
54 54 0.018906250000000017
55 54 0.0074479166666666678
56 54 0.00028645833333333361
62 54 0.00011284722222222223
63 54 0.0029340277777777754
64 54 0.0074479166666666635
65 54 0.0029340277777777759
66 54 0.00011284722222222226
72 54 4.3402777777777778e-06
73 54 0.00011284722222222215
74 54 0.00028645833333333317
75 54 0.00011284722222222218
76 54 4.3402777777777795e-06
33 55 4.340277777777782e-06
34 55 0.00011284722222222227
35 55 0.00028645833333333361
36 55 0.00011284722222222227
37 55 4.3402777777777837e-06
43 55 0.00011284722222222223
44 55 0.0029340277777777759
45 55 0.0074479166666666661
46 55 0.0029340277777777759
47 55 0.00011284722222222228
53 55 0.00028645833333333344
54 55 0.0074479166666666687
55 55 0.018906250000000017
56 55 0.0074479166666666678
57 55 0.00028645833333333366
63 55 0.00011284722222222222
64 55 0.0029340277777777759
65 55 0.0074479166666666635
66 55 0.0029340277777777754
67 55 0.00011284722222222227
73 55 4.3402777777777769e-06
74 55 0.00011284722222222218
75 55 0.00028645833333333323
76 55 0.00011284722222222218
77 55 4.3402777777777795e-06
34 56 4.3402777777777837e-06
35 56 0.00011284722222222227
36 56 0.00028645833333333361
37 56 0.00011284722222222226
38 56 4.3402777777777786e-06
44 56 0.00011284722222222227
45 56 0.0029340277777777754
46 56 0.0074479166666666652
47 56 0.0029340277777777754
48 56 0.00011284722222222218
54 56 0.00028645833333333361
55 56 0.0074479166666666678
56 56 0.018906250000000017
57 56 0.0074479166666666643
58 56 0.00028645833333333323
64 56 0.00011284722222222226
65 56 0.0029340277777777754
66 56 0.0074479166666666626
67 56 0.0029340277777777754
68 56 0.00011284722222222216
74 56 4.3402777777777795e-06
75 56 0.00011284722222222218
76 56 0.00028645833333333317
77 56 0.00011284722222222216
78 56 4.3402777777777744e-06
35 57 4.3402777777777837e-06
36 57 0.00011284722222222226
37 57 0.00028645833333333344
38 57 0.00011284722222222227
39 57 4.3402777777777829e-06
45 57 0.0001128472222222223
46 57 0.0029340277777777754
47 57 0.0074479166666666643
48 57 0.0029340277777777763
49 57 0.00011284722222222224
55 57 0.00028645833333333366
56 57 0.0074479166666666652
57 57 0.018906250000000003
58 57 0.0074479166666666695
59 57 0.0002864583333333335
65 57 0.00011284722222222227
66 57 0.0029340277777777754
67 57 0.0074479166666666617
68 57 0.0029340277777777763
69 57 0.00011284722222222223
75 57 4.3402777777777795e-06
76 57 0.00011284722222222216
77 57 0.00028645833333333306
78 57 0.00011284722222222218
79 57 4.3402777777777778e-06
36 58 4.3402777777777786e-06
37 58 0.00011284722222222227
38 58 0.00028645833333333355
39 58 0.00010850694444444451
40 58 8.6805555555555708e-06
46 58 0.00011284722222222218
47 58 0.0029340277777777763
48 58 0.0074479166666666643
49 58 0.0028211805555555551
50 58 0.00022569444444444462
56 58 0.00028645833333333323
57 58 0.0074479166666666704
58 58 0.01890625000000001
59 58 0.0071614583333333313
60 58 0.00057291666666666743
66 58 0.00011284722222222216
67 58 0.0029340277777777763
68 58 0.0074479166666666617
69 58 0.0028211805555555546
70 58 0.0002256944444444446
76 58 4.3402777777777744e-06
77 58 0.00011284722222222218
78 58 0.00028645833333333317
79 58 0.0001085069444444444
80 58 8.6805555555555606e-06
37 59 4.3402777777777829e-06
38 59 0.00010850694444444451
39 59 0.00017361111111111125
40 59 6.0763888888888989e-05
47 59 0.00011284722222222226
48 59 0.0028211805555555546
49 59 0.0045138888888888911
50 59 0.0015798611111111124
57 59 0.0002864583333333335
58 59 0.0071614583333333313
59 59 0.011458333333333345
60 59 0.0040104166666666725
67 59 0.00011284722222222223
68 59 0.0028211805555555546
69 59 0.0045138888888888911
70 59 0.0015798611111111122
77 59 4.3402777777777778e-06
78 59 0.0001085069444444444
79 59 0.00017361111111111109
80 59 6.0763888888888928e-05
38 60 8.6805555555555691e-06
39 60 6.0763888888888989e-05
40 60 0.00010416666666666656
48 60 0.00022569444444444465
49 60 0.0015798611111111124
50 60 0.0027083333333333282
58 60 0.00057291666666666743
59 60 0.0040104166666666734
60 60 0.0068749999999999914
68 60 0.0002256944444444446
69 60 0.0015798611111111122
70 60 0.0027083333333333287
78 60 8.6805555555555606e-06
79 60 6.0763888888888928e-05
80 60 0.00010416666666666644
41 61 0.0001041666666666667
42 61 6.0763888888888948e-05
43 61 8.680555555555564e-06
51 61 0.0027083333333333313
52 61 0.0015798611111111107
53 61 0.00022569444444444446
61 61 0.0068749999999999966
62 61 0.0040104166666666656
63 61 0.00057291666666666667
71 61 0.0027083333333333326
72 61 0.0015798611111111113
73 61 0.00022569444444444452
81 61 0.00010416666666666669
82 61 6.0763888888888928e-05
83 61 8.6805555555555606e-06
41 62 6.0763888888888948e-05
42 62 0.00017361111111111133
43 62 0.00010850694444444449
44 62 4.340277777777782e-06
51 62 0.0015798611111111107
52 62 0.0045138888888888885
53 62 0.0028211805555555533
54 62 0.00011284722222222223
61 62 0.0040104166666666656
62 62 0.011458333333333333
63 62 0.0071614583333333339
64 62 0.00028645833333333333
71 62 0.0015798611111111113
72 62 0.0045138888888888902
73 62 0.0028211805555555546
74 62 0.00011284722222222226
81 62 6.0763888888888928e-05
82 62 0.00017361111111111128
83 62 0.00010850694444444445
84 62 4.3402777777777803e-06
41 63 8.680555555555564e-06
42 63 0.00010850694444444449
43 63 0.00028645833333333355
44 63 0.00011284722222222227
45 63 4.3402777777777829e-06
51 63 0.00022569444444444446
52 63 0.0028211805555555533
53 63 0.0074479166666666617
54 63 0.0029340277777777754
55 63 0.00011284722222222222
61 63 0.00057291666666666667
62 63 0.0071614583333333339
63 63 0.018906249999999996
64 63 0.0074479166666666635
65 63 0.00028645833333333339
71 63 0.00022569444444444452
72 63 0.0028211805555555546
73 63 0.0074479166666666678
74 63 0.0029340277777777772
75 63 0.00011284722222222223
81 63 8.6805555555555606e-06
82 63 0.00010850694444444445
83 63 0.00028645833333333355
84 63 0.00011284722222222222
85 63 4.3402777777777812e-06
42 64 4.340277777777782e-06
43 64 0.00011284722222222227
44 64 0.00028645833333333361
45 64 0.00011284722222222228
46 64 4.3402777777777854e-06
52 64 0.00011284722222222223
53 64 0.0029340277777777754
54 64 0.0074479166666666635
55 64 0.0029340277777777759
56 64 0.00011284722222222226
62 64 0.00028645833333333333
63 64 0.0074479166666666635
64 64 0.018906250000000003
65 64 0.0074479166666666661
66 64 0.0002864583333333335
72 64 0.00011284722222222226
73 64 0.0029340277777777772
74 64 0.0074479166666666687
75 64 0.0029340277777777776
76 64 0.00011284722222222228
82 64 4.3402777777777803e-06
83 64 0.00011284722222222222
84 64 0.0002864583333333335
85 64 0.00011284722222222223
86 64 4.3402777777777829e-06
43 65 4.3402777777777829e-06
44 65 0.00011284722222222228
45 65 0.00028645833333333366
46 65 0.00011284722222222228
47 65 4.3402777777777854e-06
53 65 0.00011284722222222222
54 65 0.0029340277777777759
55 65 0.0074479166666666635
56 65 0.0029340277777777754
57 65 0.00011284722222222227
63 65 0.00028645833333333333
64 65 0.0074479166666666669
65 65 0.018906250000000003
66 65 0.0074479166666666643
67 65 0.00028645833333333355
73 65 0.00011284722222222223
74 65 0.0029340277777777776
75 65 0.0074479166666666695
76 65 0.0029340277777777772
77 65 0.0001128472222222223
83 65 4.3402777777777803e-06
84 65 0.00011284722222222223
85 65 0.00028645833333333355
86 65 0.00011284722222222226
87 65 4.3402777777777829e-06
44 66 4.3402777777777846e-06
45 66 0.00011284722222222228
46 66 0.00028645833333333361
47 66 0.00011284722222222227
48 66 4.3402777777777795e-06
54 66 0.00011284722222222226
55 66 0.0029340277777777754
56 66 0.0074479166666666626
57 66 0.0029340277777777754
58 66 0.00011284722222222215
64 66 0.0002864583333333335
65 66 0.0074479166666666652
66 66 0.018906250000000003
67 66 0.0074479166666666626
68 66 0.00028645833333333312
74 66 0.00011284722222222228
75 66 0.0029340277777777772
76 66 0.0074479166666666695
77 66 0.0029340277777777767
78 66 0.00011284722222222218
84 66 4.3402777777777837e-06
85 66 0.00011284722222222223
86 66 0.00028645833333333355
87 66 0.00011284722222222224
88 66 4.3402777777777769e-06
45 67 4.3402777777777846e-06
46 67 0.00011284722222222227
47 67 0.0002864583333333335
48 67 0.0001128472222222223
49 67 4.3402777777777846e-06
55 67 0.00011284722222222227
56 67 0.0029340277777777754
57 67 0.0074479166666666608
58 67 0.0029340277777777759
59 67 0.00011284722222222223
65 67 0.00028645833333333355
66 67 0.0074479166666666626
67 67 0.018906249999999993
68 67 0.0074479166666666678
69 67 0.00028645833333333339
75 67 0.0001128472222222223
76 67 0.0029340277777777767
77 67 0.0074479166666666687
78 67 0.002934027777777778
79 67 0.00011284722222222226
85 67 4.3402777777777837e-06
86 67 0.00011284722222222222
87 67 0.00028645833333333344
88 67 0.00011284722222222226
89 67 4.340277777777782e-06
46 68 4.3402777777777795e-06
47 68 0.0001128472222222223
48 68 0.00028645833333333355
49 68 0.00010850694444444452
50 68 8.6805555555555708e-06
56 68 0.00011284722222222216
57 68 0.0029340277777777759
58 68 0.0074479166666666608
59 68 0.0028211805555555546
60 68 0.0002256944444444446
66 68 0.00028645833333333312
67 68 0.0074479166666666687
68 68 0.018906249999999999
69 68 0.0071614583333333287
70 68 0.00057291666666666721
76 68 0.00011284722222222218
77 68 0.002934027777777778
78 68 0.0074479166666666669
79 68 0.0028211805555555555
80 68 0.00022569444444444468
86 68 4.3402777777777769e-06
87 68 0.00011284722222222226
88 68 0.0002864583333333335
89 68 0.00010850694444444449
90 68 8.6805555555555691e-06
47 69 4.3402777777777837e-06
48 69 0.00010850694444444452
49 69 0.00017361111111111131
50 69 6.0763888888889002e-05
57 69 0.00011284722222222223
58 69 0.0028211805555555546
59 69 0.0045138888888888911
60 69 0.0015798611111111124
67 69 0.00028645833333333339
68 69 0.007161458333333327
69 69 0.011458333333333339
70 69 0.0040104166666666699
77 69 0.00011284722222222226
78 69 0.0028211805555555555
79 69 0.0045138888888888928
80 69 0.0015798611111111133
87 69 4.3402777777777829e-06
88 69 0.00010850694444444447
89 69 0.00017361111111111125
90 69 6.0763888888888982e-05
48 70 8.6805555555555708e-06
49 70 6.0763888888889002e-05
50 70 0.00010416666666666656
58 70 0.0002256944444444446
59 70 0.0015798611111111122
60 70 0.0027083333333333282
68 70 0.00057291666666666721
69 70 0.0040104166666666699
70 70 0.0068749999999999879
78 70 0.00022569444444444468
79 70 0.001579861111111113
80 70 0.0027083333333333295
88 70 8.6805555555555708e-06
89 70 6.0763888888888982e-05
90 70 0.00010416666666666655
51 71 0.00010416666666666658
52 71 6.0763888888888874e-05
53 71 8.6805555555555555e-06
61 71 0.0027083333333333321
62 71 0.0015798611111111113
63 71 0.00022569444444444452
71 71 0.0068749999999999983
72 71 0.0040104166666666656
73 71 0.00057291666666666656
81 71 0.0026041666666666661
82 71 0.001519097222222222
83 71 0.00021701388888888893
91 71 0.00020833333333333346
92 71 0.00012152777777777792
93 71 1.7361111111111131e-05
51 72 6.0763888888888874e-05
52 72 0.00017361111111111114
53 72 0.0001085069444444444
54 72 4.3402777777777778e-06
61 72 0.0015798611111111113
62 72 0.0045138888888888902
63 72 0.0028211805555555546
64 72 0.00011284722222222226
71 72 0.0040104166666666656
72 72 0.011458333333333336
73 72 0.0071614583333333365
74 72 0.00028645833333333333
81 72 0.001519097222222222
82 72 0.0043402777777777771
83 72 0.0027126736111111101
84 72 0.00010850694444444447
91 72 0.00012152777777777792
92 72 0.00034722222222222272
93 72 0.00021701388888888904
94 72 8.6805555555555657e-06
51 73 8.6805555555555555e-06
52 73 0.0001085069444444444
53 73 0.00028645833333333317
54 73 0.00011284722222222215
55 73 4.3402777777777769e-06
61 73 0.00022569444444444452
62 73 0.0028211805555555546
63 73 0.0074479166666666678
64 73 0.0029340277777777772
65 73 0.00011284722222222223
71 73 0.00057291666666666656
72 73 0.0071614583333333348
73 73 0.018906250000000003
74 73 0.0074479166666666643
75 73 0.00028645833333333339
81 73 0.00021701388888888893
82 73 0.0027126736111111101
83 73 0.0071614583333333304
84 73 0.0028211805555555551
85 73 0.00010850694444444447
91 73 1.7361111111111131e-05
92 73 0.00021701388888888904
93 73 0.00057291666666666721
94 73 0.0002256944444444446
95 73 8.6805555555555674e-06
52 74 4.3402777777777778e-06
53 74 0.00011284722222222215
54 74 0.00028645833333333317
55 74 0.00011284722222222216
56 74 4.3402777777777795e-06
62 74 0.00011284722222222226
63 74 0.0029340277777777772
64 74 0.0074479166666666687
65 74 0.0029340277777777776
66 74 0.00011284722222222228
72 74 0.00028645833333333328
73 74 0.0074479166666666643
74 74 0.01890625000000001
75 74 0.0074479166666666669
76 74 0.00028645833333333355
82 74 0.00010850694444444447
83 74 0.0028211805555555551
84 74 0.0071614583333333304
85 74 0.0028211805555555555
86 74 0.00010850694444444449
92 74 8.6805555555555657e-06
93 74 0.0002256944444444446
94 74 0.00057291666666666721
95 74 0.00022569444444444465
96 74 8.6805555555555708e-06
53 75 4.3402777777777769e-06
54 75 0.00011284722222222216
55 75 0.00028645833333333317
56 75 0.00011284722222222218
57 75 4.3402777777777795e-06
63 75 0.00011284722222222223
64 75 0.0029340277777777776
65 75 0.0074479166666666695
66 75 0.0029340277777777767
67 75 0.0001128472222222223
73 75 0.00028645833333333339
74 75 0.0074479166666666669
75 75 0.01890625000000001
76 75 0.0074479166666666661
77 75 0.00028645833333333361
83 75 0.00010850694444444447
84 75 0.0028211805555555555
85 75 0.0071614583333333313
86 75 0.0028211805555555551
87 75 0.00010850694444444451
93 75 8.6805555555555674e-06
94 75 0.00022569444444444465
95 75 0.00057291666666666732
96 75 0.00022569444444444465
97 75 8.6805555555555708e-06
54 76 4.3402777777777795e-06
55 76 0.00011284722222222218
56 76 0.00028645833333333317
57 76 0.00011284722222222216
58 76 4.3402777777777744e-06
64 76 0.00011284722222222228
65 76 0.0029340277777777767
66 76 0.0074479166666666695
67 76 0.0029340277777777767
68 76 0.00011284722222222218
74 76 0.00028645833333333355
75 76 0.0074479166666666661
76 76 0.01890625000000001
77 76 0.0074479166666666635
78 76 0.00028645833333333323
84 76 0.00010850694444444451
85 76 0.0028211805555555546
86 76 0.0071614583333333313
87 76 0.0028211805555555551
88 76 0.00010850694444444438
94 76 8.6805555555555708e-06
95 76 0.00022569444444444465
96 76 0.00057291666666666732
97 76 0.00022569444444444462
98 76 8.6805555555555606e-06
55 77 4.3402777777777795e-06
56 77 0.00011284722222222216
57 77 0.00028645833333333301
58 77 0.00011284722222222218
59 77 4.3402777777777778e-06
65 77 0.0001128472222222223
66 77 0.0029340277777777767
67 77 0.0074479166666666678
68 77 0.002934027777777778
69 77 0.00011284722222222226
75 77 0.00028645833333333361
76 77 0.0074479166666666635
77 77 0.018906249999999999
78 77 0.0074479166666666678
79 77 0.00028645833333333344
85 77 0.00010850694444444451
86 77 0.0028211805555555546
87 77 0.0071614583333333287
88 77 0.0028211805555555559
89 77 0.00010850694444444448
95 77 8.6805555555555708e-06
96 77 0.00022569444444444462
97 77 0.00057291666666666699
98 77 0.00022569444444444471
99 77 8.6805555555555691e-06
56 78 4.3402777777777744e-06
57 78 0.00011284722222222218
58 78 0.00028645833333333317
59 78 0.0001085069444444444
60 78 8.6805555555555606e-06
66 78 0.00011284722222222219
67 78 0.002934027777777778
68 78 0.0074479166666666669
69 78 0.0028211805555555559
70 78 0.00022569444444444465
76 78 0.00028645833333333323
77 78 0.0074479166666666678
78 78 0.018906250000000003
79 78 0.0071614583333333304
80 78 0.00057291666666666732
86 78 0.00010850694444444438
87 78 0.0028211805555555559
88 78 0.0071614583333333287
89 78 0.0027126736111111119
90 78 0.00021701388888888907
96 78 8.6805555555555606e-06
97 78 0.00022569444444444471
98 78 0.00057291666666666721
99 78 0.00021701388888888909
100 78 1.7361111111111145e-05
57 79 4.3402777777777778e-06
58 79 0.0001085069444444444
59 79 0.00017361111111111109
60 79 6.0763888888888941e-05
67 79 0.00011284722222222226
68 79 0.0028211805555555559
69 79 0.0045138888888888928
70 79 0.001579861111111113
77 79 0.00028645833333333344
78 79 0.0071614583333333304
79 79 0.011458333333333343
80 79 0.0040104166666666699
87 79 0.00010850694444444448
88 79 0.0027126736111111119
89 79 0.004340277777777778
90 79 0.0015190972222222238
97 79 8.6805555555555691e-06
98 79 0.00021701388888888909
99 79 0.00034722222222222267
100 79 0.00012152777777777803
58 80 8.6805555555555606e-06
59 80 6.0763888888888941e-05
60 80 0.00010416666666666644
68 80 0.00022569444444444465
69 80 0.001579861111111113
70 80 0.0027083333333333291
78 80 0.00057291666666666732
79 80 0.0040104166666666699
80 80 0.0068749999999999896
88 80 0.00021701388888888907
89 80 0.0015190972222222235
90 80 0.0026041666666666618
98 80 1.7361111111111148e-05
99 80 0.00012152777777777803
100 80 0.00020833333333333318
61 81 0.00010416666666666666
62 81 6.0763888888888928e-05
63 81 8.6805555555555606e-06
71 81 0.0026041666666666657
72 81 0.001519097222222222
73 81 0.00021701388888888893
81 81 0.0041666666666666683
82 81 0.002430555555555556
83 81 0.00034722222222222234
91 81 0.0014583333333333343
92 81 0.00085069444444444526
93 81 0.00012152777777777792
61 82 6.0763888888888928e-05
62 82 0.00017361111111111131
63 82 0.00010850694444444445
64 82 4.3402777777777803e-06
71 82 0.001519097222222222
72 82 0.0043402777777777771
73 82 0.0027126736111111097
74 82 0.00010850694444444447
81 82 0.002430555555555556
82 82 0.0069444444444444475
83 82 0.0043402777777777806
84 82 0.0001736111111111112
91 82 0.00085069444444444504
92 82 0.0024305555555555591
93 82 0.0015190972222222235
94 82 6.0763888888888962e-05
61 83 8.6805555555555606e-06
62 83 0.00010850694444444445
63 83 0.00028645833333333355
64 83 0.00011284722222222222
65 83 4.3402777777777803e-06
71 83 0.00021701388888888893
72 83 0.0027126736111111101
73 83 0.0071614583333333313
74 83 0.0028211805555555551
75 83 0.00010850694444444447
81 83 0.00034722222222222234
82 83 0.0043402777777777806
83 83 0.011458333333333343
84 83 0.0045138888888888911
85 83 0.00017361111111111117
91 83 0.00012152777777777792
92 83 0.0015190972222222235
93 83 0.0040104166666666682
94 83 0.0015798611111111124
95 83 6.0763888888888955e-05
62 84 4.3402777777777803e-06
63 84 0.00011284722222222222
64 84 0.0002864583333333335
65 84 0.00011284722222222223
66 84 4.3402777777777837e-06
72 84 0.00010850694444444447
73 84 0.0028211805555555551
74 84 0.0071614583333333313
75 84 0.0028211805555555555
76 84 0.00010850694444444451
82 84 0.00017361111111111117
83 84 0.0045138888888888911
84 84 0.011458333333333341
85 84 0.0045138888888888928
86 84 0.00017361111111111128
92 84 6.0763888888888962e-05
93 84 0.0015798611111111122
94 84 0.0040104166666666691
95 84 0.0015798611111111126
96 84 6.0763888888888996e-05
63 85 4.3402777777777812e-06
64 85 0.00011284722222222223
65 85 0.00028645833333333355
66 85 0.00011284722222222223
67 85 4.3402777777777837e-06
73 85 0.00010850694444444448
74 85 0.0028211805555555555
75 85 0.007161458333333333
76 85 0.0028211805555555546
77 85 0.00010850694444444451
83 85 0.00017361111111111117
84 85 0.0045138888888888928
85 85 0.011458333333333343
86 85 0.0045138888888888911
87 85 0.00017361111111111131
93 85 6.0763888888888968e-05
94 85 0.0015798611111111126
95 85 0.0040104166666666691
96 85 0.0015798611111111122
97 85 6.0763888888889009e-05
64 86 4.3402777777777829e-06
65 86 0.00011284722222222226
66 86 0.00028645833333333355
67 86 0.00011284722222222222
68 86 4.3402777777777769e-06
74 86 0.00010850694444444451
75 86 0.0028211805555555546
76 86 0.007161458333333333
77 86 0.0028211805555555546
78 86 0.00010850694444444438
84 86 0.00017361111111111128
85 86 0.0045138888888888911
86 86 0.011458333333333343
87 86 0.0045138888888888902
88 86 0.00017361111111111106
94 86 6.0763888888888989e-05
95 86 0.0015798611111111122
96 86 0.0040104166666666699
97 86 0.001579861111111112
98 86 6.0763888888888935e-05
65 87 4.3402777777777829e-06
66 87 0.00011284722222222223
67 87 0.00028645833333333339
68 87 0.00011284722222222226
69 87 4.3402777777777829e-06
75 87 0.00010850694444444451
76 87 0.0028211805555555546
77 87 0.0071614583333333296
78 87 0.0028211805555555555
79 87 0.00010850694444444448
85 87 0.00017361111111111131
86 87 0.0045138888888888902
87 87 0.011458333333333338
88 87 0.0045138888888888928
89 87 0.00017361111111111125
95 87 6.0763888888889002e-05
96 87 0.001579861111111112
97 87 0.0040104166666666682
98 87 0.0015798611111111128
99 87 6.0763888888888996e-05
66 88 4.3402777777777769e-06
67 88 0.00011284722222222226
68 88 0.0002864583333333335
69 88 0.00010850694444444449
70 88 8.6805555555555708e-06
76 88 0.0001085069444444444
77 88 0.0028211805555555555
78 88 0.0071614583333333313
79 88 0.0027126736111111119
80 88 0.00021701388888888907
86 88 0.00017361111111111109
87 88 0.0045138888888888928
88 88 0.011458333333333343
89 88 0.004340277777777778
90 88 0.00034722222222222272
96 88 6.0763888888888935e-05
97 88 0.0015798611111111128
98 88 0.0040104166666666682
99 88 0.0015190972222222235
100 88 0.00012152777777777805
67 89 4.340277777777782e-06
68 89 0.00010850694444444449
69 89 0.00017361111111111125
70 89 6.0763888888888982e-05
77 89 0.00010850694444444448
78 89 0.0027126736111111119
79 89 0.004340277777777778
80 89 0.0015190972222222235
87 89 0.00017361111111111125
88 89 0.004340277777777778
89 89 0.006944444444444451
90 89 0.0024305555555555595
97 89 6.0763888888888989e-05
98 89 0.0015190972222222235
99 89 0.0024305555555555586
100 89 0.00085069444444444624
68 90 8.6805555555555691e-06
69 90 6.0763888888888982e-05
70 90 0.00010416666666666655
78 90 0.00021701388888888907
79 90 0.0015190972222222235
80 90 0.0026041666666666618
88 90 0.00034722222222222272
89 90 0.0024305555555555595
90 90 0.0041666666666666623
98 90 0.00012152777777777803
99 90 0.00085069444444444624
100 90 0.0014583333333333325
71 91 0.00020833333333333346
72 91 0.00012152777777777792
73 91 1.7361111111111131e-05
81 91 0.0014583333333333347
82 91 0.00085069444444444526
83 91 0.00012152777777777792
91 91 0.0024999999999999957
92 91 0.0014583333333333306
93 91 0.00020833333333333302
71 92 0.00012152777777777792
72 92 0.00034722222222222278
73 92 0.00021701388888888904
74 92 8.6805555555555674e-06
81 92 0.00085069444444444515
82 92 0.0024305555555555591
83 92 0.0015190972222222235
84 92 6.0763888888888962e-05
91 92 0.0014583333333333306
92 92 0.0041666666666666597
93 92 0.0026041666666666618
94 92 0.00010416666666666651
71 93 1.7361111111111131e-05
72 93 0.00021701388888888904
73 93 0.00057291666666666721
74 93 0.0002256944444444446
75 93 8.6805555555555674e-06
81 93 0.00012152777777777792
82 93 0.0015190972222222238
83 93 0.0040104166666666682
84 93 0.0015798611111111124
85 93 6.0763888888888968e-05
91 93 0.00020833333333333302
92 93 0.0026041666666666618
93 93 0.0068749999999999905
94 93 0.0027083333333333278
95 93 0.00010416666666666651
72 94 8.6805555555555657e-06
73 94 0.0002256944444444446
74 94 0.00057291666666666721
75 94 0.00022569444444444465
76 94 8.6805555555555708e-06
82 94 6.0763888888888962e-05
83 94 0.0015798611111111124
84 94 0.0040104166666666691
85 94 0.0015798611111111126
86 94 6.0763888888888996e-05
92 94 0.00010416666666666651
93 94 0.0027083333333333278
94 94 0.0068749999999999914
95 94 0.0027083333333333282
96 94 0.00010416666666666658
73 95 8.6805555555555674e-06
74 95 0.00022569444444444465
75 95 0.00057291666666666732
76 95 0.00022569444444444465
77 95 8.6805555555555708e-06
83 95 6.0763888888888968e-05
84 95 0.0015798611111111126
85 95 0.0040104166666666691
86 95 0.0015798611111111122
87 95 6.0763888888889009e-05
93 95 0.00010416666666666651
94 95 0.0027083333333333282
95 95 0.0068749999999999905
96 95 0.0027083333333333278
97 95 0.00010416666666666658
74 96 8.6805555555555708e-06
75 96 0.00022569444444444465
76 96 0.00057291666666666732
77 96 0.00022569444444444462
78 96 8.6805555555555606e-06
84 96 6.0763888888888989e-05
85 96 0.0015798611111111122
86 96 0.0040104166666666699
87 96 0.001579861111111112
88 96 6.0763888888888935e-05
94 96 0.00010416666666666658
95 96 0.0027083333333333278
96 96 0.0068749999999999914
97 96 0.0027083333333333278
98 96 0.00010416666666666643
75 97 8.6805555555555708e-06
76 97 0.00022569444444444462
77 97 0.00057291666666666699
78 97 0.00022569444444444468
79 97 8.6805555555555691e-06
85 97 6.0763888888889002e-05
86 97 0.001579861111111112
87 97 0.0040104166666666691
88 97 0.0015798611111111128
89 97 6.0763888888888996e-05
95 97 0.00010416666666666658
96 97 0.0027083333333333278
97 97 0.0068749999999999888
98 97 0.0027083333333333287
99 97 0.00010416666666666655
76 98 8.6805555555555606e-06
77 98 0.00022569444444444468
78 98 0.00057291666666666721
79 98 0.00021701388888888909
80 98 1.7361111111111148e-05
86 98 6.0763888888888935e-05
87 98 0.0015798611111111128
88 98 0.0040104166666666682
89 98 0.0015190972222222235
90 98 0.00012152777777777805
96 98 0.00010416666666666643
97 98 0.0027083333333333287
98 98 0.0068749999999999888
99 98 0.0026041666666666626
100 98 0.00020833333333333321
77 99 8.6805555555555691e-06
78 99 0.00021701388888888909
79 99 0.00034722222222222267
80 99 0.00012152777777777803
87 99 6.0763888888888989e-05
88 99 0.0015190972222222235
89 99 0.0024305555555555586
90 99 0.00085069444444444634
97 99 0.00010416666666666655
98 99 0.0026041666666666626
99 99 0.0041666666666666623
100 99 0.0014583333333333327
78 100 1.7361111111111145e-05
79 100 0.00012152777777777803
80 100 0.00020833333333333318
88 100 0.00012152777777777803
89 100 0.00085069444444444634
90 100 0.0014583333333333325
98 100 0.00020833333333333321
99 100 0.0014583333333333327
100 100 0.0024999999999999918


