# Created by Octave 5.2.0, Tue Oct 26 13:25:54 2021 CEST <omen@omen-linux>
# name: ans
# type: sparse matrix
# nnz: 3249
# rows: 225
# columns: 225
1 1 0.0032653061224489788
2 1 0.0016326530612244899
3 1 0.00054421768707482981
16 1 0.0016326530612244899
17 1 0.00081632653061224504
18 1 0.00027210884353741496
31 1 0.00054421768707482981
32 1 0.00027210884353741507
33 1 9.0702947845805031e-05
1 2 0.0016326530612244899
2 2 0.0021768707482993192
3 2 0.0016326530612244899
16 2 0.00081632653061224504
17 2 0.0010884353741496598
18 2 0.00081632653061224493
31 2 0.00027210884353741501
32 2 0.00036281179138322012
33 2 0.00027210884353741507
1 3 0.00054421768707482981
2 3 0.0016326530612244899
3 3 0.0065306122448979568
4 3 0.0016326530612244896
5 3 0.0005442176870748297
16 3 0.00027210884353741496
17 3 0.00081632653061224493
18 3 0.0032653061224489797
19 3 0.00081632653061224493
20 3 0.0002721088435374149
31 3 9.0702947845805031e-05
32 3 0.00027210884353741507
33 3 0.0010884353741496598
34 3 0.00027210884353741501
35 3 9.0702947845805004e-05
3 4 0.0016326530612244894
4 4 0.0021768707482993188
5 4 0.0016326530612244903
18 4 0.00081632653061224493
19 4 0.0010884353741496596
20 4 0.00081632653061224515
33 4 0.00027210884353741501
34 4 0.00036281179138322002
35 4 0.00027210884353741512
3 5 0.0005442176870748297
4 5 0.0016326530612244903
5 5 0.0065306122448979594
6 5 0.0016326530612244894
7 5 0.00054421768707482992
18 5 0.0002721088435374149
19 5 0.00081632653061224525
20 5 0.0032653061224489806
21 5 0.00081632653061224471
22 5 0.00027210884353741507
33 5 9.0702947845805004e-05
34 5 0.00027210884353741512
35 5 0.0010884353741496603
36 5 0.00027210884353741501
37 5 9.0702947845805045e-05
5 6 0.0016326530612244894
6 6 0.0021768707482993197
7 6 0.0016326530612244894
20 6 0.00081632653061224471
21 6 0.0010884353741496603
22 6 0.00081632653061224493
35 6 0.00027210884353741501
36 6 0.00036281179138322018
37 6 0.00027210884353741512
5 7 0.00054421768707482992
6 7 0.0016326530612244894
7 7 0.0065306122448979534
8 7 0.001632653061224489
9 7 0.00054421768707482981
20 7 0.00027210884353741507
21 7 0.00081632653061224493
22 7 0.0032653061224489771
23 7 0.00081632653061224471
24 7 0.0002721088435374149
35 7 9.0702947845805045e-05
36 7 0.00027210884353741507
37 7 0.0010884353741496585
38 7 0.0002721088435374149
39 7 9.0702947845805004e-05
7 8 0.001632653061224489
8 8 0.0021768707482993192
9 8 0.001632653061224492
22 8 0.00081632653061224471
23 8 0.0010884353741496596
24 8 0.00081632653061224612
37 8 0.0002721088435374149
38 8 0.00036281179138322002
39 8 0.00027210884353741545
7 9 0.00054421768707482981
8 9 0.001632653061224492
9 9 0.0065306122448979586
10 9 0.001632653061224487
11 9 0.00054421768707483024
22 9 0.0002721088435374149
23 9 0.00081632653061224612
24 9 0.0032653061224489801
25 9 0.00081632653061224384
26 9 0.00027210884353741523
37 9 9.0702947845805004e-05
38 9 0.00027210884353741545
39 9 0.0010884353741496603
40 9 0.00027210884353741474
41 9 9.0702947845805085e-05
9 10 0.001632653061224487
10 10 0.002176870748299321
11 10 0.0016326530612244916
24 10 0.00081632653061224384
25 10 0.0010884353741496609
26 10 0.0008163265306122458
39 10 0.00027210884353741474
40 10 0.00036281179138322034
41 10 0.00027210884353741539
9 11 0.00054421768707483024
10 11 0.0016326530612244914
11 11 0.0065306122448979551
12 11 0.0016326530612244881
13 11 0.0005442176870748297
24 11 0.00027210884353741523
25 11 0.0008163265306122458
26 11 0.0032653061224489784
27 11 0.00081632653061224417
28 11 0.00027210884353741485
39 11 9.0702947845805085e-05
40 11 0.00027210884353741539
41 11 0.0010884353741496594
42 11 0.0002721088435374148
43 11 9.0702947845804977e-05
11 12 0.0016326530612244881
12 12 0.0021768707482993188
13 12 0.0016326530612244907
26 12 0.00081632653061224417
27 12 0.0010884353741496594
28 12 0.00081632653061224558
41 12 0.0002721088435374148
42 12 0.00036281179138321991
43 12 0.00027210884353741534
11 13 0.0005442176870748297
12 13 0.0016326530612244907
13 13 0.006530612244897956
14 13 0.0016326530612244886
15 13 0.00054421768707482981
26 13 0.0002721088435374149
27 13 0.00081632653061224558
28 13 0.0032653061224489788
29 13 0.0008163265306122446
30 13 0.00027210884353741496
41 13 9.0702947845804977e-05
42 13 0.00027210884353741534
43 13 0.0010884353741496592
44 13 0.00027210884353741496
45 13 9.0702947845805004e-05
13 14 0.0016326530612244886
14 14 0.0021768707482993192
15 14 0.0016326530612244925
28 14 0.0008163265306122446
29 14 0.0010884353741496598
30 14 0.00081632653061224645
43 14 0.00027210884353741496
44 14 0.00036281179138321996
45 14 0.00027210884353741555
13 15 0.00054421768707482981
14 15 0.0016326530612244925
15 15 0.0032653061224489767
28 15 0.00027210884353741496
29 15 0.00081632653061224645
30 15 0.0016326530612244888
43 15 9.0702947845805004e-05
44 15 0.00027210884353741555
45 15 0.00054421768707482959
1 16 0.0016326530612244899
2 16 0.00081632653061224504
3 16 0.00027210884353741496
16 16 0.0021768707482993192
17 16 0.00108843537414966
18 16 0.00036281179138322012
31 16 0.0016326530612244903
32 16 0.00081632653061224515
33 16 0.00027210884353741512
1 17 0.00081632653061224504
2 17 0.0010884353741496598
3 17 0.00081632653061224493
16 17 0.00108843537414966
17 17 0.0014512471655328805
18 17 0.0010884353741496603
31 17 0.00081632653061224515
32 17 0.0010884353741496605
33 17 0.00081632653061224504
1 18 0.00027210884353741496
2 18 0.00081632653061224493
3 18 0.0032653061224489797
4 18 0.00081632653061224493
5 18 0.0002721088435374149
16 18 0.00036281179138322012
17 18 0.0010884353741496603
18 18 0.0043537414965986402
19 18 0.00108843537414966
20 18 0.00036281179138322002
31 18 0.00027210884353741512
32 18 0.00081632653061224504
33 18 0.0032653061224489806
34 18 0.00081632653061224493
35 18 0.00027210884353741501
3 19 0.00081632653061224493
4 19 0.0010884353741496598
5 19 0.00081632653061224525
18 19 0.00108843537414966
19 19 0.0014512471655328801
20 19 0.0010884353741496609
33 19 0.00081632653061224493
34 19 0.00108843537414966
35 19 0.00081632653061224547
3 20 0.0002721088435374149
4 20 0.00081632653061224515
5 20 0.0032653061224489806
6 20 0.00081632653061224471
7 20 0.00027210884353741507
18 20 0.00036281179138322002
19 20 0.0010884353741496605
20 20 0.0043537414965986411
21 20 0.00108843537414966
22 20 0.00036281179138322018
33 20 0.00027210884353741501
34 20 0.00081632653061224525
35 20 0.0032653061224489819
36 20 0.00081632653061224493
37 20 0.00027210884353741512
5 21 0.00081632653061224482
6 21 0.0010884353741496603
7 21 0.00081632653061224493
20 21 0.00108843537414966
21 21 0.0014512471655328807
22 21 0.0010884353741496605
35 21 0.00081632653061224493
36 21 0.0010884353741496607
37 21 0.00081632653061224504
5 22 0.00027210884353741507
6 22 0.00081632653061224493
7 22 0.0032653061224489771
8 22 0.00081632653061224471
9 22 0.0002721088435374149
20 22 0.00036281179138322018
21 22 0.0010884353741496605
22 22 0.0043537414965986359
23 22 0.0010884353741496596
24 22 0.00036281179138322002
35 22 0.00027210884353741512
36 22 0.00081632653061224504
37 22 0.003265306122448978
38 22 0.00081632653061224471
39 22 0.00027210884353741501
7 23 0.00081632653061224471
8 23 0.0010884353741496598
9 23 0.00081632653061224612
22 23 0.0010884353741496596
23 23 0.0014512471655328801
24 23 0.0010884353741496618
37 23 0.00081632653061224471
38 23 0.00108843537414966
39 23 0.00081632653061224623
7 24 0.0002721088435374149
8 24 0.00081632653061224612
9 24 0.0032653061224489801
10 24 0.00081632653061224384
11 24 0.00027210884353741523
22 24 0.00036281179138322002
23 24 0.0010884353741496618
24 24 0.0043537414965986411
25 24 0.001088435374149659
26 24 0.00036281179138322034
37 24 0.00027210884353741501
38 24 0.00081632653061224612
39 24 0.0032653061224489806
40 24 0.00081632653061224395
41 24 0.00027210884353741523
9 25 0.00081632653061224384
10 25 0.0010884353741496609
11 25 0.0008163265306122458
24 25 0.001088435374149659
25 25 0.0014512471655328814
26 25 0.0010884353741496616
39 25 0.00081632653061224395
40 25 0.0010884353741496609
41 25 0.0008163265306122459
9 26 0.00027210884353741523
10 26 0.0008163265306122458
11 26 0.003265306122448978
12 26 0.00081632653061224417
13 26 0.0002721088435374149
24 26 0.00036281179138322034
25 26 0.0010884353741496613
26 26 0.0043537414965986376
27 26 0.0010884353741496594
28 26 0.00036281179138321991
39 26 0.00027210884353741523
40 26 0.0008163265306122459
41 26 0.0032653061224489788
42 26 0.00081632653061224449
43 26 0.00027210884353741501
11 27 0.00081632653061224417
12 27 0.0010884353741496594
13 27 0.00081632653061224558
26 27 0.0010884353741496594
27 27 0.0014512471655328796
28 27 0.0010884353741496613
41 27 0.00081632653061224449
42 27 0.0010884353741496598
43 27 0.00081632653061224558
11 28 0.0002721088435374149
12 28 0.00081632653061224558
13 28 0.0032653061224489788
14 28 0.00081632653061224449
15 28 0.00027210884353741496
26 28 0.00036281179138321991
27 28 0.0010884353741496613
28 28 0.0043537414965986367
29 28 0.0010884353741496598
30 28 0.00036281179138322002
41 28 0.00027210884353741501
42 28 0.00081632653061224558
43 28 0.0032653061224489797
44 28 0.0008163265306122446
45 28 0.00027210884353741507
13 29 0.00081632653061224449
14 29 0.0010884353741496598
15 29 0.00081632653061224645
28 29 0.0010884353741496596
29 29 0.0014512471655328801
30 29 0.0010884353741496622
43 29 0.0008163265306122446
44 29 0.00108843537414966
45 29 0.00081632653061224645
13 30 0.00027210884353741496
14 30 0.00081632653061224645
15 30 0.0016326530612244886
28 30 0.00036281179138322002
29 30 0.0010884353741496624
30 30 0.0021768707482993184
43 30 0.00027210884353741507
44 30 0.00081632653061224655
45 30 0.001632653061224489
1 31 0.00054421768707482981
2 31 0.00027210884353741501
3 31 9.0702947845805031e-05
16 31 0.0016326530612244903
17 31 0.00081632653061224515
18 31 0.00027210884353741512
31 31 0.0065306122448979594
32 31 0.0032653061224489797
33 31 0.0010884353741496598
46 31 0.0016326530612244896
47 31 0.00081632653061224504
48 31 0.00027210884353741496
61 31 0.0005442176870748297
62 31 0.00027210884353741496
63 31 9.0702947845805004e-05
1 32 0.00027210884353741501
2 32 0.00036281179138322012
3 32 0.00027210884353741501
16 32 0.00081632653061224504
17 32 0.0010884353741496605
18 32 0.00081632653061224504
31 32 0.0032653061224489797
32 32 0.0043537414965986393
33 32 0.0032653061224489801
46 32 0.00081632653061224504
47 32 0.0010884353741496598
48 32 0.00081632653061224482
61 32 0.00027210884353741496
62 32 0.00036281179138322002
63 32 0.0002721088435374149
1 33 9.0702947845805031e-05
2 33 0.00027210884353741507
3 33 0.00108843537414966
4 33 0.00027210884353741501
5 33 9.0702947845805004e-05
16 33 0.00027210884353741512
17 33 0.00081632653061224504
18 33 0.0032653061224489806
19 33 0.00081632653061224493
20 33 0.00027210884353741501
31 33 0.0010884353741496598
32 33 0.0032653061224489801
33 33 0.013061224489795919
34 33 0.0032653061224489793
35 33 0.0010884353741496596
46 33 0.00027210884353741496
47 33 0.00081632653061224482
48 33 0.0032653061224489793
49 33 0.00081632653061224471
50 33 0.0002721088435374149
61 33 9.0702947845805004e-05
62 33 0.00027210884353741496
63 33 0.0010884353741496596
64 33 0.0002721088435374149
65 33 9.0702947845804977e-05
3 34 0.00027210884353741501
4 34 0.00036281179138322002
5 34 0.00027210884353741512
18 34 0.00081632653061224493
19 34 0.00108843537414966
20 34 0.00081632653061224525
33 34 0.0032653061224489793
34 34 0.0043537414965986385
35 34 0.003265306122448981
48 34 0.00081632653061224471
49 34 0.0010884353741496596
50 34 0.00081632653061224504
63 34 0.0002721088435374149
64 34 0.00036281179138321991
65 34 0.00027210884353741512
3 35 9.0702947845805004e-05
4 35 0.00027210884353741512
5 35 0.0010884353741496603
6 35 0.00027210884353741501
7 35 9.0702947845805045e-05
18 35 0.00027210884353741501
19 35 0.00081632653061224536
20 35 0.0032653061224489819
21 35 0.00081632653061224493
22 35 0.00027210884353741512
33 35 0.0010884353741496596
34 35 0.003265306122448981
35 35 0.013061224489795922
36 35 0.0032653061224489788
37 35 0.0010884353741496603
48 35 0.0002721088435374149
49 35 0.00081632653061224493
50 35 0.0032653061224489797
51 35 0.0008163265306122446
52 35 0.00027210884353741501
63 35 9.0702947845804977e-05
64 35 0.00027210884353741512
65 35 0.00108843537414966
66 35 0.00027210884353741485
67 35 9.0702947845805018e-05
5 36 0.00027210884353741501
6 36 0.00036281179138322018
7 36 0.00027210884353741512
20 36 0.00081632653061224493
21 36 0.0010884353741496605
22 36 0.00081632653061224504
35 36 0.0032653061224489788
36 36 0.0043537414965986411
37 36 0.0032653061224489797
50 36 0.0008163265306122446
51 36 0.00108843537414966
52 36 0.00081632653061224482
65 36 0.00027210884353741485
66 36 0.00036281179138322007
67 36 0.00027210884353741501
5 37 9.0702947845805045e-05
6 37 0.00027210884353741512
7 37 0.001088435374149659
8 37 0.0002721088435374149
9 37 9.0702947845805004e-05
20 37 0.00027210884353741512
21 37 0.00081632653061224504
22 37 0.0032653061224489788
23 37 0.00081632653061224471
24 37 0.00027210884353741501
35 37 0.0010884353741496603
36 37 0.0032653061224489793
37 37 0.013061224489795907
38 37 0.003265306122448978
39 37 0.0010884353741496596
50 37 0.00027210884353741501
51 37 0.00081632653061224471
52 37 0.0032653061224489762
53 37 0.00081632653061224439
54 37 0.0002721088435374149
65 37 9.0702947845805018e-05
66 37 0.00027210884353741501
67 37 0.0010884353741496585
68 37 0.00027210884353741485
69 37 9.0702947845804977e-05
7 38 0.0002721088435374149
8 38 0.00036281179138322002
9 38 0.00027210884353741545
22 38 0.00081632653061224471
23 38 0.00108843537414966
24 38 0.00081632653061224612
37 38 0.003265306122448978
38 38 0.0043537414965986385
39 38 0.003265306122448984
52 38 0.00081632653061224439
53 38 0.0010884353741496596
54 38 0.0008163265306122459
67 38 0.00027210884353741485
68 38 0.00036281179138321991
69 38 0.00027210884353741534
7 39 9.0702947845805004e-05
8 39 0.00027210884353741545
9 39 0.0010884353741496603
10 39 0.00027210884353741474
11 39 9.0702947845805085e-05
22 39 0.00027210884353741501
23 39 0.00081632653061224612
24 39 0.0032653061224489806
25 39 0.00081632653061224395
26 39 0.00027210884353741528
37 39 0.0010884353741496596
38 39 0.003265306122448984
39 39 0.013061224489795922
40 39 0.0032653061224489749
41 39 0.0010884353741496603
52 39 0.0002721088435374149
53 39 0.0008163265306122459
54 39 0.0032653061224489793
55 39 0.00081632653061224363
56 39 0.00027210884353741523
67 39 9.0702947845804977e-05
68 39 0.00027210884353741534
69 39 0.0010884353741496598
70 39 0.00027210884353741469
71 39 9.0702947845805058e-05
9 40 0.00027210884353741474
10 40 0.00036281179138322034
11 40 0.00027210884353741539
24 40 0.00081632653061224384
25 40 0.0010884353741496611
26 40 0.0008163265306122459
39 40 0.0032653061224489749
40 40 0.0043537414965986411
41 40 0.0032653061224489836
54 40 0.00081632653061224363
55 40 0.0010884353741496609
56 40 0.00081632653061224569
69 40 0.00027210884353741469
70 40 0.00036281179138322023
71 40 0.00027210884353741523
9 41 9.0702947845805085e-05
10 41 0.00027210884353741534
11 41 0.0010884353741496594
12 41 0.0002721088435374148
13 41 9.0702947845804977e-05
24 41 0.00027210884353741528
25 41 0.0008163265306122459
26 41 0.0032653061224489793
27 41 0.00081632653061224449
28 41 0.00027210884353741496
39 41 0.0010884353741496603
40 41 0.0032653061224489832
41 41 0.013061224489795917
42 41 0.0032653061224489762
43 41 0.0010884353741496596
54 41 0.00027210884353741523
55 41 0.00081632653061224569
56 41 0.0032653061224489788
57 41 0.00081632653061224417
58 41 0.0002721088435374149
69 41 9.0702947845805058e-05
70 41 0.00027210884353741523
71 41 0.0010884353741496592
72 41 0.00027210884353741474
73 41 9.0702947845804963e-05
11 42 0.0002721088435374148
12 42 0.00036281179138321991
13 42 0.00027210884353741534
26 42 0.00081632653061224449
27 42 0.0010884353741496598
28 42 0.00081632653061224569
41 42 0.0032653061224489762
42 42 0.0043537414965986367
43 42 0.0032653061224489819
56 42 0.00081632653061224417
57 42 0.0010884353741496596
58 42 0.00081632653061224547
71 42 0.00027210884353741474
72 42 0.00036281179138321985
73 42 0.00027210884353741512
11 43 9.0702947845804977e-05
12 43 0.00027210884353741534
13 43 0.0010884353741496592
14 43 0.0002721088435374149
15 43 9.0702947845805004e-05
26 43 0.00027210884353741496
27 43 0.00081632653061224569
28 43 0.0032653061224489797
29 43 0.00081632653061224471
30 43 0.00027210884353741501
41 43 0.0010884353741496596
42 43 0.0032653061224489819
43 43 0.013061224489795919
44 43 0.0032653061224489771
45 43 0.0010884353741496596
56 43 0.0002721088435374149
57 43 0.00081632653061224547
58 43 0.0032653061224489788
59 43 0.00081632653061224449
60 43 0.00027210884353741496
71 43 9.0702947845804963e-05
72 43 0.00027210884353741512
73 43 0.001088435374149659
74 43 0.00027210884353741485
75 43 9.0702947845804977e-05
13 44 0.0002721088435374149
14 44 0.00036281179138322002
15 44 0.00027210884353741561
28 44 0.00081632653061224471
29 44 0.00108843537414966
30 44 0.00081632653061224645
43 44 0.0032653061224489771
44 44 0.0043537414965986367
45 44 0.0032653061224489854
58 44 0.00081632653061224449
59 44 0.0010884353741496598
60 44 0.00081632653061224634
73 44 0.00027210884353741485
74 44 0.00036281179138321991
75 44 0.00027210884353741539
13 45 9.0702947845805004e-05
14 45 0.00027210884353741561
15 45 0.00054421768707482959
28 45 0.00027210884353741501
29 45 0.00081632653061224645
30 45 0.001632653061224489
43 45 0.0010884353741496596
44 45 0.0032653061224489854
45 45 0.0065306122448979551
58 45 0.00027210884353741496
59 45 0.00081632653061224634
60 45 0.0016326530612244883
73 45 9.0702947845804977e-05
74 45 0.00027210884353741545
75 45 0.00054421768707482937
31 46 0.0016326530612244896
32 46 0.00081632653061224504
33 46 0.00027210884353741496
46 46 0.0021768707482993192
47 46 0.0010884353741496598
48 46 0.00036281179138322002
61 46 0.0016326530612244905
62 46 0.00081632653061224547
63 46 0.00027210884353741523
31 47 0.00081632653061224504
32 47 0.0010884353741496598
33 47 0.00081632653061224482
46 47 0.0010884353741496598
47 47 0.0014512471655328801
48 47 0.0010884353741496598
61 47 0.00081632653061224547
62 47 0.0010884353741496609
63 47 0.00081632653061224558
31 48 0.00027210884353741496
32 48 0.00081632653061224482
33 48 0.0032653061224489793
34 48 0.00081632653061224471
35 48 0.0002721088435374149
46 48 0.00036281179138322002
47 48 0.0010884353741496598
48 48 0.0043537414965986385
49 48 0.0010884353741496598
50 48 0.00036281179138321991
61 48 0.00027210884353741523
62 48 0.00081632653061224547
63 48 0.0032653061224489819
64 48 0.00081632653061224536
65 48 0.00027210884353741512
33 49 0.00081632653061224471
34 49 0.0010884353741496596
35 49 0.00081632653061224493
48 49 0.0010884353741496596
49 49 0.0014512471655328796
50 49 0.0010884353741496603
63 49 0.00081632653061224536
64 49 0.0010884353741496607
65 49 0.0008163265306122458
33 50 0.0002721088435374149
34 50 0.00081632653061224504
35 50 0.0032653061224489806
36 50 0.0008163265306122446
37 50 0.00027210884353741501
48 50 0.00036281179138321991
49 50 0.0010884353741496605
50 50 0.0043537414965986402
51 50 0.0010884353741496598
52 50 0.00036281179138322007
63 50 0.00027210884353741517
64 50 0.0008163265306122458
65 50 0.0032653061224489827
66 50 0.00081632653061224515
67 50 0.00027210884353741523
35 51 0.0008163265306122446
36 51 0.00108843537414966
37 51 0.00081632653061224471
50 51 0.0010884353741496594
51 51 0.0014512471655328803
52 51 0.00108843537414966
65 51 0.00081632653061224515
66 51 0.0010884353741496609
67 51 0.00081632653061224536
35 52 0.00027210884353741501
36 52 0.00081632653061224482
37 52 0.0032653061224489771
38 52 0.00081632653061224439
39 52 0.0002721088435374149
50 52 0.00036281179138322007
51 52 0.00108843537414966
52 52 0.0043537414965986341
53 52 0.0010884353741496596
54 52 0.00036281179138321991
65 52 0.00027210884353741523
66 52 0.00081632653061224547
67 52 0.0032653061224489797
68 52 0.00081632653061224504
69 52 0.00027210884353741512
37 53 0.00081632653061224439
38 53 0.0010884353741496596
39 53 0.0008163265306122459
52 53 0.0010884353741496594
53 53 0.0014512471655328796
54 53 0.0010884353741496613
67 53 0.00081632653061224504
68 53 0.0010884353741496607
69 53 0.00081632653061224645
37 54 0.0002721088435374149
38 54 0.0008163265306122459
39 54 0.0032653061224489788
40 54 0.00081632653061224363
41 54 0.00027210884353741523
52 54 0.00036281179138321991
53 54 0.0010884353741496611
54 54 0.0043537414965986393
55 54 0.0010884353741496587
56 54 0.00036281179138322023
67 54 0.00027210884353741517
68 54 0.00081632653061224645
69 54 0.003265306122448981
70 54 0.00081632653061224417
71 54 0.00027210884353741534
39 55 0.00081632653061224363
40 55 0.0010884353741496609
41 55 0.00081632653061224569
54 55 0.0010884353741496587
55 55 0.0014512471655328809
56 55 0.0010884353741496613
69 55 0.00081632653061224428
70 55 0.0010884353741496613
71 55 0.00081632653061224612
39 56 0.00027210884353741523
40 56 0.00081632653061224569
41 56 0.0032653061224489784
42 56 0.00081632653061224417
43 56 0.0002721088435374149
54 56 0.00036281179138322023
55 56 0.0010884353741496609
56 56 0.0043537414965986367
57 56 0.001088435374149659
58 56 0.00036281179138321985
69 56 0.00027210884353741534
70 56 0.00081632653061224612
71 56 0.0032653061224489801
72 56 0.00081632653061224482
73 56 0.00027210884353741512
41 57 0.00081632653061224417
42 57 0.0010884353741496594
43 57 0.00081632653061224547
56 57 0.001088435374149659
57 57 0.0014512471655328794
58 57 0.0010884353741496605
71 57 0.00081632653061224482
72 57 0.00108843537414966
73 57 0.00081632653061224601
41 58 0.00027210884353741485
42 58 0.00081632653061224547
43 58 0.0032653061224489788
44 58 0.00081632653061224439
45 58 0.00027210884353741496
56 58 0.00036281179138321985
57 58 0.0010884353741496605
58 58 0.0043537414965986359
59 58 0.0010884353741496594
60 58 0.00036281179138321991
71 58 0.00027210884353741512
72 58 0.0008163265306122459
73 58 0.003265306122448981
74 58 0.00081632653061224504
75 58 0.00027210884353741517
43 59 0.00081632653061224439
44 59 0.0010884353741496598
45 59 0.00081632653061224623
58 59 0.0010884353741496594
59 59 0.0014512471655328796
60 59 0.0010884353741496618
73 59 0.00081632653061224504
74 59 0.0010884353741496605
75 59 0.00081632653061224677
43 60 0.00027210884353741496
44 60 0.00081632653061224623
45 60 0.0016326530612244883
58 60 0.00036281179138321991
59 60 0.0010884353741496618
60 60 0.0021768707482993175
73 60 0.00027210884353741517
74 60 0.00081632653061224677
75 60 0.0016326530612244892
31 61 0.0005442176870748297
32 61 0.00027210884353741496
33 61 9.0702947845805004e-05
46 61 0.0016326530612244905
47 61 0.00081632653061224547
48 61 0.00027210884353741523
61 61 0.0065306122448979603
62 61 0.003265306122448981
63 61 0.00108843537414966
76 61 0.0016326530612244894
77 61 0.00081632653061224493
78 61 0.00027210884353741501
91 61 0.00054421768707482981
92 61 0.00027210884353741507
93 61 9.0702947845805031e-05
31 62 0.00027210884353741496
32 62 0.00036281179138322002
33 62 0.0002721088435374149
46 62 0.00081632653061224547
47 62 0.0010884353741496609
48 62 0.00081632653061224547
61 62 0.003265306122448981
62 62 0.0043537414965986411
63 62 0.0032653061224489814
76 62 0.00081632653061224493
77 62 0.0010884353741496603
78 62 0.00081632653061224482
91 62 0.00027210884353741507
92 62 0.00036281179138322012
93 62 0.00027210884353741507
31 63 9.0702947845805004e-05
32 63 0.00027210884353741496
33 63 0.0010884353741496596
34 63 0.0002721088435374149
35 63 9.0702947845804977e-05
46 63 0.00027210884353741523
47 63 0.00081632653061224547
48 63 0.0032653061224489814
49 63 0.00081632653061224536
50 63 0.00027210884353741512
61 63 0.00108843537414966
62 63 0.0032653061224489814
63 63 0.013061224489795924
64 63 0.0032653061224489801
65 63 0.00108843537414966
76 63 0.00027210884353741501
77 63 0.00081632653061224482
78 63 0.0032653061224489788
79 63 0.0008163265306122446
80 63 0.00027210884353741485
91 63 9.0702947845805031e-05
92 63 0.00027210884353741507
93 63 0.0010884353741496603
94 63 0.00027210884353741501
95 63 9.0702947845805004e-05
33 64 0.0002721088435374149
34 64 0.00036281179138321991
35 64 0.00027210884353741507
48 64 0.00081632653061224536
49 64 0.0010884353741496607
50 64 0.0008163265306122458
63 64 0.0032653061224489801
64 64 0.0043537414965986402
65 64 0.0032653061224489823
78 64 0.0008163265306122446
79 64 0.0010884353741496594
80 64 0.00081632653061224525
93 64 0.00027210884353741501
94 64 0.00036281179138322002
95 64 0.00027210884353741517
33 65 9.0702947845804977e-05
34 65 0.00027210884353741512
35 65 0.00108843537414966
36 65 0.00027210884353741485
37 65 9.0702947845805018e-05
48 65 0.00027210884353741512
49 65 0.0008163265306122458
50 65 0.0032653061224489827
51 65 0.00081632653061224515
52 65 0.00027210884353741523
63 65 0.00108843537414966
64 65 0.0032653061224489819
65 65 0.013061224489795929
66 65 0.0032653061224489797
67 65 0.0010884353741496605
78 65 0.00027210884353741485
79 65 0.00081632653061224515
80 65 0.0032653061224489797
81 65 0.0008163265306122446
82 65 0.00027210884353741501
93 65 9.0702947845805004e-05
94 65 0.00027210884353741517
95 65 0.0010884353741496607
96 65 0.00027210884353741501
97 65 9.0702947845805031e-05
35 66 0.0002721088435374148
36 66 0.00036281179138322007
37 66 0.00027210884353741501
50 66 0.00081632653061224515
51 66 0.0010884353741496609
52 66 0.00081632653061224547
65 66 0.0032653061224489806
66 66 0.0043537414965986428
67 66 0.0032653061224489814
80 66 0.0008163265306122446
81 66 0.00108843537414966
82 66 0.00081632653061224482
95 66 0.00027210884353741501
96 66 0.00036281179138322012
97 66 0.00027210884353741507
35 67 9.0702947845805018e-05
36 67 0.00027210884353741501
37 67 0.0010884353741496585
38 67 0.00027210884353741485
39 67 9.0702947845804977e-05
50 67 0.00027210884353741523
51 67 0.00081632653061224558
52 67 0.0032653061224489797
53 67 0.00081632653061224504
54 67 0.00027210884353741512
65 67 0.0010884353741496605
66 67 0.003265306122448981
67 67 0.013061224489795917
68 67 0.0032653061224489784
69 67 0.00108843537414966
80 67 0.00027210884353741501
81 67 0.00081632653061224471
82 67 0.0032653061224489767
83 67 0.00081632653061224428
84 67 0.00027210884353741485
95 67 9.0702947845805031e-05
96 67 0.00027210884353741507
97 67 0.0010884353741496592
98 67 0.00027210884353741496
99 67 9.0702947845805004e-05
37 68 0.00027210884353741485
38 68 0.00036281179138321991
39 68 0.00027210884353741534
52 68 0.00081632653061224504
53 68 0.0010884353741496607
54 68 0.00081632653061224645
67 68 0.0032653061224489793
68 68 0.0043537414965986411
69 68 0.0032653061224489849
82 68 0.00081632653061224428
83 68 0.0010884353741496594
84 68 0.0008163265306122459
97 68 0.00027210884353741496
98 68 0.00036281179138322002
99 68 0.0002721088435374155
37 69 9.0702947845804977e-05
38 69 0.00027210884353741534
39 69 0.0010884353741496598
40 69 0.00027210884353741469
41 69 9.0702947845805058e-05
52 69 0.00027210884353741512
53 69 0.00081632653061224645
54 69 0.003265306122448981
55 69 0.00081632653061224417
56 69 0.00027210884353741534
67 69 0.00108843537414966
68 69 0.0032653061224489849
69 69 0.013061224489795922
70 69 0.0032653061224489762
71 69 0.0010884353741496609
82 69 0.00027210884353741485
83 69 0.0008163265306122459
84 69 0.0032653061224489788
85 69 0.00081632653061224363
86 69 0.00027210884353741512
97 69 9.0702947845805004e-05
98 69 0.0002721088435374155
99 69 0.0010884353741496603
100 69 0.0002721088435374148
101 69 9.0702947845805085e-05
39 70 0.00027210884353741469
40 70 0.00036281179138322023
41 70 0.00027210884353741523
54 70 0.00081632653061224417
55 70 0.0010884353741496613
56 70 0.00081632653061224612
69 70 0.0032653061224489762
70 70 0.0043537414965986437
71 70 0.003265306122448984
84 70 0.00081632653061224363
85 70 0.0010884353741496605
86 70 0.00081632653061224558
99 70 0.0002721088435374148
100 70 0.00036281179138322034
101 70 0.00027210884353741539
39 71 9.0702947845805058e-05
40 71 0.00027210884353741523
41 71 0.0010884353741496592
42 71 0.00027210884353741474
43 71 9.0702947845804963e-05
54 71 0.00027210884353741534
55 71 0.00081632653061224612
56 71 0.0032653061224489801
57 71 0.00081632653061224482
58 71 0.00027210884353741512
69 71 0.0010884353741496609
70 71 0.0032653061224489849
71 71 0.013061224489795921
72 71 0.0032653061224489775
73 71 0.00108843537414966
84 71 0.00027210884353741512
85 71 0.00081632653061224558
86 71 0.0032653061224489775
87 71 0.00081632653061224417
88 71 0.0002721088435374148
99 71 9.0702947845805085e-05
100 71 0.00027210884353741539
101 71 0.0010884353741496598
102 71 0.00027210884353741485
103 71 9.0702947845804991e-05
41 72 0.00027210884353741474
42 72 0.00036281179138321985
43 72 0.00027210884353741512
56 72 0.00081632653061224482
57 72 0.0010884353741496603
58 72 0.00081632653061224601
71 72 0.0032653061224489775
72 72 0.0043537414965986393
73 72 0.0032653061224489832
86 72 0.00081632653061224417
87 72 0.001088435374149659
88 72 0.00081632653061224525
101 72 0.00027210884353741485
102 72 0.00036281179138321985
103 72 0.00027210884353741528
41 73 9.0702947845804963e-05
42 73 0.00027210884353741512
43 73 0.001088435374149659
44 73 0.00027210884353741485
45 73 9.0702947845804977e-05
56 73 0.00027210884353741512
57 73 0.0008163265306122459
58 73 0.003265306122448981
59 73 0.00081632653061224504
60 73 0.00027210884353741517
71 73 0.00108843537414966
72 73 0.0032653061224489832
73 73 0.013061224489795921
74 73 0.0032653061224489788
75 73 0.00108843537414966
86 73 0.0002721088435374148
87 73 0.00081632653061224525
88 73 0.0032653061224489784
89 73 0.00081632653061224428
90 73 0.00027210884353741485
101 73 9.0702947845804991e-05
102 73 0.00027210884353741528
103 73 0.0010884353741496594
104 73 0.00027210884353741496
105 73 9.0702947845805004e-05
43 74 0.00027210884353741485
44 74 0.00036281179138321991
45 74 0.00027210884353741539
58 74 0.00081632653061224504
59 74 0.0010884353741496605
60 74 0.00081632653061224677
73 74 0.0032653061224489788
74 74 0.0043537414965986393
75 74 0.0032653061224489867
88 74 0.00081632653061224428
89 74 0.0010884353741496592
90 74 0.00081632653061224601
103 74 0.00027210884353741496
104 74 0.00036281179138321996
105 74 0.0002721088435374155
43 75 9.0702947845804977e-05
44 75 0.00027210884353741545
45 75 0.00054421768707482937
58 75 0.00027210884353741517
59 75 0.00081632653061224677
60 75 0.0016326530612244892
73 75 0.00108843537414966
74 75 0.0032653061224489867
75 75 0.0065306122448979568
88 75 0.00027210884353741485
89 75 0.00081632653061224601
90 75 0.0016326530612244883
103 75 9.0702947845804991e-05
104 75 0.0002721088435374155
105 75 0.00054421768707482959
61 76 0.0016326530612244894
62 76 0.00081632653061224493
63 76 0.00027210884353741501
76 76 0.0021768707482993197
77 76 0.0010884353741496603
78 76 0.00036281179138322012
91 76 0.0016326530612244899
92 76 0.00081632653061224525
93 76 0.00027210884353741512
61 77 0.00081632653061224493
62 77 0.00108843537414966
63 77 0.00081632653061224471
76 77 0.0010884353741496605
77 77 0.0014512471655328805
78 77 0.0010884353741496605
91 77 0.00081632653061224525
92 77 0.0010884353741496605
93 77 0.00081632653061224515
61 78 0.00027210884353741501
62 78 0.00081632653061224471
63 78 0.0032653061224489788
64 78 0.0008163265306122446
65 78 0.00027210884353741485
76 78 0.00036281179138322012
77 78 0.0010884353741496603
78 78 0.0043537414965986411
79 78 0.00108843537414966
80 78 0.00036281179138322002
91 78 0.00027210884353741512
92 78 0.00081632653061224504
93 78 0.0032653061224489806
94 78 0.00081632653061224515
95 78 0.00027210884353741501
63 79 0.0008163265306122446
64 79 0.0010884353741496594
65 79 0.00081632653061224493
78 79 0.00108843537414966
79 79 0.0014512471655328801
80 79 0.0010884353741496607
93 79 0.00081632653061224515
94 79 0.00108843537414966
95 79 0.00081632653061224558
63 80 0.00027210884353741485
64 80 0.00081632653061224515
65 80 0.0032653061224489797
66 80 0.0008163265306122446
67 80 0.00027210884353741501
78 80 0.00036281179138322002
79 80 0.0010884353741496607
80 80 0.0043537414965986428
81 80 0.0010884353741496603
82 80 0.00036281179138322012
93 80 0.00027210884353741501
94 80 0.00081632653061224558
95 80 0.003265306122448981
96 80 0.00081632653061224493
97 80 0.00027210884353741512
65 81 0.0008163265306122446
66 81 0.00108843537414966
67 81 0.00081632653061224471
80 81 0.00108843537414966
81 81 0.0014512471655328805
82 81 0.0010884353741496603
95 81 0.00081632653061224493
96 81 0.0010884353741496605
97 81 0.00081632653061224536
65 82 0.00027210884353741501
66 82 0.00081632653061224482
67 82 0.0032653061224489767
68 82 0.00081632653061224428
69 82 0.00027210884353741485
80 82 0.00036281179138322012
81 82 0.0010884353741496605
82 82 0.0043537414965986367
83 82 0.0010884353741496598
84 82 0.00036281179138322002
95 82 0.00027210884353741512
96 82 0.00081632653061224536
97 82 0.0032653061224489784
98 82 0.00081632653061224482
99 82 0.00027210884353741501
67 83 0.00081632653061224428
68 83 0.0010884353741496594
69 83 0.0008163265306122459
82 83 0.0010884353741496598
83 83 0.0014512471655328801
84 83 0.001088435374149662
97 83 0.00081632653061224482
98 83 0.00108843537414966
99 83 0.00081632653061224623
67 84 0.00027210884353741485
68 84 0.0008163265306122459
69 84 0.0032653061224489788
70 84 0.00081632653061224363
71 84 0.00027210884353741512
82 84 0.00036281179138322002
83 84 0.0010884353741496618
84 84 0.0043537414965986411
85 84 0.001088435374149659
86 84 0.00036281179138322034
97 84 0.00027210884353741501
98 84 0.00081632653061224623
99 84 0.0032653061224489797
100 84 0.00081632653061224384
101 84 0.00027210884353741523
69 85 0.00081632653061224363
70 85 0.0010884353741496605
71 85 0.00081632653061224558
84 85 0.0010884353741496592
85 85 0.0014512471655328814
86 85 0.0010884353741496616
99 85 0.00081632653061224395
100 85 0.0010884353741496609
101 85 0.0008163265306122459
69 86 0.00027210884353741512
70 86 0.00081632653061224558
71 86 0.003265306122448978
72 86 0.00081632653061224417
73 86 0.0002721088435374148
84 86 0.00036281179138322034
85 86 0.0010884353741496616
86 86 0.0043537414965986393
87 86 0.0010884353741496596
88 86 0.00036281179138321996
99 86 0.00027210884353741523
100 86 0.0008163265306122459
101 86 0.0032653061224489793
102 86 0.00081632653061224439
103 86 0.00027210884353741507
71 87 0.00081632653061224417
72 87 0.001088435374149659
73 87 0.00081632653061224525
86 87 0.0010884353741496596
87 87 0.0014512471655328798
88 87 0.0010884353741496611
101 87 0.00081632653061224439
102 87 0.0010884353741496596
103 87 0.0008163265306122458
71 88 0.00027210884353741474
72 88 0.00081632653061224525
73 88 0.0032653061224489788
74 88 0.00081632653061224428
75 88 0.00027210884353741485
86 88 0.00036281179138321996
87 88 0.0010884353741496611
88 88 0.0043537414965986376
89 88 0.0010884353741496598
90 88 0.00036281179138322002
101 88 0.00027210884353741507
102 88 0.0008163265306122458
103 88 0.0032653061224489801
104 88 0.00081632653061224471
105 88 0.00027210884353741512
73 89 0.00081632653061224428
74 89 0.0010884353741496594
75 89 0.00081632653061224601
88 89 0.0010884353741496598
89 89 0.0014512471655328798
90 89 0.0010884353741496624
103 89 0.00081632653061224471
104 89 0.00108843537414966
105 89 0.00081632653061224645
73 90 0.00027210884353741485
74 90 0.00081632653061224601
75 90 0.0016326530612244881
88 90 0.00036281179138322002
89 90 0.0010884353741496624
90 90 0.0021768707482993192
103 90 0.00027210884353741512
104 90 0.00081632653061224645
105 90 0.0016326530612244888
61 91 0.00054421768707482992
62 91 0.00027210884353741507
63 91 9.0702947845805031e-05
76 91 0.0016326530612244899
77 91 0.00081632653061224525
78 91 0.00027210884353741512
91 91 0.0065306122448979542
92 91 0.0032653061224489775
93 91 0.0010884353741496587
106 91 0.001632653061224489
107 91 0.00081632653061224471
108 91 0.0002721088435374149
121 91 0.0005442176870748297
122 91 0.00027210884353741501
123 91 9.0702947845805004e-05
61 92 0.00027210884353741507
62 92 0.00036281179138322012
63 92 0.00027210884353741507
76 92 0.00081632653061224525
77 92 0.0010884353741496605
78 92 0.00081632653061224504
91 92 0.0032653061224489775
92 92 0.0043537414965986359
93 92 0.0032653061224489775
106 92 0.00081632653061224471
107 92 0.0010884353741496596
108 92 0.0008163265306122446
121 92 0.00027210884353741496
122 92 0.00036281179138322002
123 92 0.00027210884353741496
61 93 9.0702947845805031e-05
62 93 0.00027210884353741507
63 93 0.0010884353741496603
64 93 0.00027210884353741501
65 93 9.0702947845805004e-05
76 93 0.00027210884353741512
77 93 0.00081632653061224504
78 93 0.0032653061224489801
79 93 0.00081632653061224515
80 93 0.00027210884353741501
91 93 0.001088435374149659
92 93 0.0032653061224489775
93 93 0.01306122448979591
94 93 0.0032653061224489775
95 93 0.0010884353741496585
106 93 0.0002721088435374149
107 93 0.0008163265306122446
108 93 0.0032653061224489775
109 93 0.0008163265306122446
110 93 0.00027210884353741485
121 93 9.0702947845805004e-05
122 93 0.00027210884353741496
123 93 0.0010884353741496598
124 93 0.00027210884353741496
125 93 9.0702947845804977e-05
63 94 0.00027210884353741501
64 94 0.00036281179138322002
65 94 0.00027210884353741517
78 94 0.00081632653061224515
79 94 0.00108843537414966
80 94 0.00081632653061224558
93 94 0.0032653061224489775
94 94 0.0043537414965986341
95 94 0.0032653061224489793
108 94 0.0008163265306122446
109 94 0.0010884353741496594
110 94 0.00081632653061224493
123 94 0.00027210884353741496
124 94 0.00036281179138321991
125 94 0.00027210884353741512
63 95 9.0702947845805004e-05
64 95 0.00027210884353741517
65 95 0.0010884353741496607
66 95 0.00027210884353741501
67 95 9.0702947845805031e-05
78 95 0.00027210884353741501
79 95 0.00081632653061224558
80 95 0.0032653061224489819
81 95 0.00081632653061224493
82 95 0.00027210884353741512
93 95 0.0010884353741496585
94 95 0.0032653061224489784
95 95 0.013061224489795915
96 95 0.0032653061224489767
97 95 0.0010884353741496594
108 95 0.00027210884353741485
109 95 0.00081632653061224493
110 95 0.0032653061224489788
111 95 0.00081632653061224439
112 95 0.0002721088435374149
123 95 9.0702947845804977e-05
124 95 0.00027210884353741512
125 95 0.0010884353741496603
126 95 0.00027210884353741485
127 95 9.0702947845805018e-05
65 96 0.00027210884353741501
66 96 0.00036281179138322012
67 96 0.00027210884353741507
80 96 0.00081632653061224482
81 96 0.0010884353741496605
82 96 0.00081632653061224536
95 96 0.0032653061224489767
96 96 0.0043537414965986376
97 96 0.0032653061224489771
110 96 0.00081632653061224439
111 96 0.0010884353741496596
112 96 0.0008163265306122446
125 96 0.00027210884353741485
126 96 0.00036281179138322007
127 96 0.00027210884353741501
65 97 9.0702947845805031e-05
66 97 0.00027210884353741507
67 97 0.0010884353741496592
68 97 0.00027210884353741496
69 97 9.0702947845805004e-05
80 97 0.00027210884353741512
81 97 0.00081632653061224536
82 97 0.003265306122448978
83 97 0.00081632653061224482
84 97 0.00027210884353741501
95 97 0.0010884353741496594
96 97 0.0032653061224489767
97 97 0.013061224489795898
98 97 0.0032653061224489754
99 97 0.0010884353741496587
110 97 0.0002721088435374149
111 97 0.00081632653061224471
112 97 0.0032653061224489754
113 97 0.00081632653061224417
114 97 0.00027210884353741485
125 97 9.0702947845805018e-05
126 97 0.00027210884353741501
127 97 0.0010884353741496585
128 97 0.00027210884353741485
129 97 9.0702947845804977e-05
67 98 0.00027210884353741496
68 98 0.00036281179138322002
69 98 0.0002721088435374155
82 98 0.00081632653061224482
83 98 0.00108843537414966
84 98 0.00081632653061224623
97 98 0.0032653061224489754
98 98 0.004353741496598635
99 98 0.0032653061224489819
112 98 0.00081632653061224417
113 98 0.0010884353741496594
114 98 0.00081632653061224569
127 98 0.00027210884353741485
128 98 0.00036281179138321991
129 98 0.00027210884353741534
67 99 9.0702947845805004e-05
68 99 0.0002721088435374155
69 99 0.0010884353741496603
70 99 0.00027210884353741474
71 99 9.0702947845805085e-05
82 99 0.00027210884353741501
83 99 0.00081632653061224623
84 99 0.0032653061224489801
85 99 0.00081632653061224395
86 99 0.00027210884353741523
97 99 0.0010884353741496587
98 99 0.0032653061224489819
99 99 0.013061224489795912
100 99 0.0032653061224489728
101 99 0.0010884353741496598
112 99 0.00027210884353741485
113 99 0.00081632653061224569
114 99 0.0032653061224489788
115 99 0.0008163265306122433
116 99 0.00027210884353741512
127 99 9.0702947845804977e-05
128 99 0.00027210884353741534
129 99 0.0010884353741496598
130 99 0.00027210884353741469
131 99 9.0702947845805058e-05
69 100 0.00027210884353741474
70 100 0.00036281179138322034
71 100 0.00027210884353741539
84 100 0.00081632653061224384
85 100 0.0010884353741496609
86 100 0.0008163265306122459
99 100 0.0032653061224489728
100 100 0.0043537414965986393
101 100 0.003265306122448981
114 100 0.0008163265306122433
115 100 0.0010884353741496605
116 100 0.00081632653061224547
129 100 0.00027210884353741469
130 100 0.00036281179138322023
131 100 0.00027210884353741523
69 101 9.0702947845805085e-05
70 101 0.00027210884353741539
71 101 0.0010884353741496598
72 101 0.00027210884353741485
73 101 9.0702947845804991e-05
84 101 0.00027210884353741523
85 101 0.0008163265306122459
86 101 0.0032653061224489797
87 101 0.00081632653061224439
88 101 0.00027210884353741501
99 101 0.0010884353741496598
100 101 0.0032653061224489806
101 101 0.013061224489795905
102 101 0.0032653061224489741
103 101 0.0010884353741496585
114 101 0.00027210884353741517
115 101 0.00081632653061224547
116 101 0.003265306122448978
117 101 0.00081632653061224384
118 101 0.00027210884353741485
129 101 9.0702947845805058e-05
130 101 0.00027210884353741523
131 101 0.0010884353741496594
132 101 0.00027210884353741474
133 101 9.0702947845804963e-05
71 102 0.00027210884353741485
72 102 0.00036281179138321985
73 102 0.00027210884353741528
86 102 0.00081632653061224439
87 102 0.00108843537414966
88 102 0.00081632653061224569
101 102 0.0032653061224489745
102 102 0.0043537414965986341
103 102 0.0032653061224489793
116 102 0.00081632653061224384
117 102 0.0010884353741496592
118 102 0.00081632653061224504
131 102 0.00027210884353741474
132 102 0.00036281179138321985
133 102 0.00027210884353741512
71 103 9.0702947845804991e-05
72 103 0.00027210884353741528
73 103 0.0010884353741496594
74 103 0.00027210884353741496
75 103 9.0702947845805004e-05
86 103 0.00027210884353741501
87 103 0.00081632653061224569
88 103 0.0032653061224489801
89 103 0.00081632653061224493
90 103 0.00027210884353741507
101 103 0.0010884353741496585
102 103 0.0032653061224489793
103 103 0.013061224489795907
104 103 0.0032653061224489749
105 103 0.0010884353741496587
116 103 0.00027210884353741485
117 103 0.00081632653061224525
118 103 0.003265306122448978
119 103 0.00081632653061224428
120 103 0.0002721088435374149
131 103 9.0702947845804963e-05
132 103 0.00027210884353741512
133 103 0.0010884353741496592
134 103 0.0002721088435374149
135 103 9.0702947845804977e-05
73 104 0.00027210884353741496
74 104 0.00036281179138321996
75 104 0.0002721088435374155
88 104 0.00081632653061224471
89 104 0.00108843537414966
90 104 0.00081632653061224645
103 104 0.0032653061224489749
104 104 0.0043537414965986341
105 104 0.0032653061224489836
118 104 0.00081632653061224428
119 104 0.0010884353741496594
120 104 0.0008163265306122459
133 104 0.0002721088435374149
134 104 0.00036281179138321991
135 104 0.00027210884353741539
73 105 9.0702947845805004e-05
74 105 0.0002721088435374155
75 105 0.00054421768707482959
88 105 0.00027210884353741507
89 105 0.00081632653061224645
90 105 0.0016326530612244888
103 105 0.0010884353741496587
104 105 0.0032653061224489827
105 105 0.0065306122448979499
118 105 0.0002721088435374149
119 105 0.0008163265306122459
120 105 0.0016326530612244879
133 105 9.0702947845804991e-05
134 105 0.00027210884353741545
135 105 0.00054421768707482959
91 106 0.001632653061224489
92 106 0.00081632653061224471
93 106 0.0002721088435374149
106 106 0.0021768707482993192
107 106 0.0010884353741496598
108 106 0.00036281179138322002
121 106 0.0016326530612244925
122 106 0.00081632653061224634
123 106 0.0002721088435374155
91 107 0.00081632653061224471
92 107 0.0010884353741496596
93 107 0.0008163265306122446
106 107 0.00108843537414966
107 107 0.0014512471655328801
108 107 0.0010884353741496598
121 107 0.00081632653061224634
122 107 0.001088435374149662
123 107 0.00081632653061224645
91 108 0.0002721088435374149
92 108 0.0008163265306122446
93 108 0.0032653061224489775
94 108 0.0008163265306122446
95 108 0.00027210884353741485
106 108 0.00036281179138322002
107 108 0.0010884353741496598
108 108 0.0043537414965986393
109 108 0.00108843537414966
110 108 0.00036281179138321991
121 108 0.0002721088435374155
122 108 0.00081632653061224634
123 108 0.0032653061224489849
124 108 0.00081632653061224623
125 108 0.00027210884353741539
93 109 0.0008163265306122446
94 109 0.0010884353741496594
95 109 0.00081632653061224471
108 109 0.0010884353741496598
109 109 0.0014512471655328796
110 109 0.0010884353741496603
123 109 0.00081632653061224601
124 109 0.0010884353741496616
125 109 0.00081632653061224645
93 110 0.00027210884353741485
94 110 0.00081632653061224493
95 110 0.0032653061224489788
96 110 0.00081632653061224439
97 110 0.0002721088435374149
108 110 0.00036281179138321991
109 110 0.0010884353741496605
110 110 0.0043537414965986419
111 110 0.0010884353741496598
112 110 0.00036281179138322007
123 110 0.00027210884353741539
124 110 0.00081632653061224645
125 110 0.0032653061224489854
126 110 0.00081632653061224601
127 110 0.0002721088435374155
95 111 0.00081632653061224439
96 111 0.0010884353741496596
97 111 0.00081632653061224449
110 111 0.0010884353741496594
111 111 0.0014512471655328803
112 111 0.00108843537414966
125 111 0.00081632653061224601
126 111 0.001088435374149662
127 111 0.00081632653061224623
95 112 0.0002721088435374149
96 112 0.0008163265306122446
97 112 0.0032653061224489754
98 112 0.00081632653061224417
99 112 0.00027210884353741485
110 112 0.00036281179138322007
111 112 0.00108843537414966
112 112 0.0043537414965986359
113 112 0.0010884353741496596
114 112 0.00036281179138321991
125 112 0.0002721088435374155
126 112 0.00081632653061224623
127 112 0.0032653061224489823
128 112 0.0008163265306122459
129 112 0.00027210884353741539
97 113 0.00081632653061224417
98 113 0.0010884353741496594
99 113 0.00081632653061224569
112 113 0.0010884353741496594
113 113 0.0014512471655328796
114 113 0.0010884353741496613
127 113 0.0008163265306122458
128 113 0.0010884353741496616
129 113 0.00081632653061224731
97 114 0.00027210884353741485
98 114 0.00081632653061224569
99 114 0.003265306122448978
100 114 0.0008163265306122433
101 114 0.00027210884353741512
112 114 0.00036281179138321991
113 114 0.0010884353741496613
114 114 0.0043537414965986402
115 114 0.0010884353741496587
116 114 0.00036281179138322023
127 114 0.00027210884353741539
128 114 0.00081632653061224742
129 114 0.0032653061224489845
130 114 0.00081632653061224515
131 114 0.00027210884353741561
99 115 0.00081632653061224341
100 115 0.0010884353741496605
101 115 0.00081632653061224547
114 115 0.0010884353741496587
115 115 0.0014512471655328809
116 115 0.0010884353741496613
129 115 0.00081632653061224515
130 115 0.0010884353741496624
131 115 0.00081632653061224699
99 116 0.00027210884353741517
100 116 0.00081632653061224547
101 116 0.003265306122448978
102 116 0.00081632653061224384
103 116 0.00027210884353741485
114 116 0.00036281179138322023
115 116 0.0010884353741496609
116 116 0.0043537414965986376
117 116 0.0010884353741496592
118 116 0.00036281179138321985
129 116 0.00027210884353741561
130 116 0.00081632653061224699
131 116 0.003265306122448984
132 116 0.00081632653061224547
133 116 0.00027210884353741534
101 117 0.00081632653061224384
102 117 0.0010884353741496592
103 117 0.00081632653061224525
116 117 0.0010884353741496592
117 117 0.0014512471655328794
118 117 0.0010884353741496605
131 117 0.00081632653061224547
132 117 0.0010884353741496609
133 117 0.00081632653061224677
101 118 0.00027210884353741485
102 118 0.00081632653061224525
103 118 0.0032653061224489784
104 118 0.00081632653061224428
105 118 0.0002721088435374149
116 118 0.00036281179138321985
117 118 0.0010884353741496605
118 118 0.0043537414965986367
119 118 0.0010884353741496596
120 118 0.00036281179138321996
131 118 0.00027210884353741534
132 118 0.00081632653061224677
133 118 0.0032653061224489845
134 118 0.0008163265306122458
135 118 0.00027210884353741539
103 119 0.00081632653061224428
104 119 0.0010884353741496594
105 119 0.0008163265306122459
118 119 0.0010884353741496596
119 119 0.0014512471655328796
120 119 0.0010884353741496618
133 119 0.0008163265306122458
134 119 0.0010884353741496613
135 119 0.00081632653061224764
103 120 0.00027210884353741485
104 120 0.0008163265306122459
105 120 0.0016326530612244879
118 120 0.00036281179138321996
119 120 0.0010884353741496618
120 120 0.0021768707482993184
133 120 0.00027210884353741534
134 120 0.00081632653061224764
135 120 0.0016326530612244912
91 121 0.0005442176870748297
92 121 0.00027210884353741496
93 121 9.0702947845805004e-05
106 121 0.0016326530612244925
107 121 0.00081632653061224634
108 121 0.0002721088435374155
121 121 0.0065306122448979594
122 121 0.0032653061224489801
123 121 0.0010884353741496598
136 121 0.0016326530612244873
137 121 0.00081632653061224395
138 121 0.00027210884353741474
151 121 0.00054421768707483024
152 121 0.00027210884353741528
153 121 9.0702947845805058e-05
91 122 0.00027210884353741496
92 122 0.00036281179138322002
93 122 0.00027210884353741496
106 122 0.00081632653061224634
107 122 0.001088435374149662
108 122 0.00081632653061224634
121 122 0.0032653061224489801
122 122 0.0043537414965986393
123 122 0.0032653061224489806
136 122 0.00081632653061224395
137 122 0.001088435374149659
138 122 0.00081632653061224384
151 122 0.00027210884353741528
152 122 0.00036281179138322023
153 122 0.00027210884353741523
91 123 9.0702947845805004e-05
92 123 0.00027210884353741496
93 123 0.0010884353741496598
94 123 0.00027210884353741496
95 123 9.0702947845804977e-05
106 123 0.0002721088435374155
107 123 0.00081632653061224634
108 123 0.0032653061224489845
109 123 0.00081632653061224623
110 123 0.00027210884353741539
121 123 0.0010884353741496598
122 123 0.0032653061224489806
123 123 0.013061224489795922
124 123 0.0032653061224489801
125 123 0.0010884353741496596
136 123 0.00027210884353741474
137 123 0.00081632653061224395
138 123 0.0032653061224489745
139 123 0.00081632653061224363
140 123 0.00027210884353741463
151 123 9.0702947845805058e-05
152 123 0.00027210884353741523
153 123 0.0010884353741496609
154 123 0.00027210884353741528
155 123 9.0702947845805045e-05
93 124 0.00027210884353741496
94 124 0.00036281179138321991
95 124 0.00027210884353741507
108 124 0.00081632653061224623
109 124 0.0010884353741496616
110 124 0.00081632653061224645
123 124 0.0032653061224489797
124 124 0.0043537414965986385
125 124 0.0032653061224489806
138 124 0.00081632653061224363
139 124 0.0010884353741496585
140 124 0.00081632653061224406
153 124 0.00027210884353741528
154 124 0.00036281179138322018
155 124 0.00027210884353741534
93 125 9.0702947845804977e-05
94 125 0.00027210884353741512
95 125 0.0010884353741496603
96 125 0.00027210884353741485
97 125 9.0702947845805018e-05
108 125 0.00027210884353741534
109 125 0.00081632653061224645
110 125 0.0032653061224489845
111 125 0.00081632653061224601
112 125 0.0002721088435374155
123 125 0.0010884353741496596
124 125 0.0032653061224489806
125 125 0.013061224489795926
126 125 0.0032653061224489793
127 125 0.00108843537414966
138 125 0.00027210884353741463
139 125 0.00081632653061224406
140 125 0.0032653061224489758
141 125 0.00081632653061224363
142 125 0.00027210884353741474
153 125 9.0702947845805045e-05
154 125 0.00027210884353741534
155 125 0.0010884353741496611
156 125 0.00027210884353741517
157 125 9.0702947845805072e-05
95 126 0.00027210884353741485
96 126 0.00036281179138322007
97 126 0.00027210884353741501
110 126 0.00081632653061224601
111 126 0.0010884353741496622
112 126 0.00081632653061224623
125 126 0.0032653061224489793
126 126 0.0043537414965986402
127 126 0.0032653061224489801
140 126 0.00081632653061224363
141 126 0.001088435374149659
142 126 0.00081632653061224374
155 126 0.00027210884353741517
156 126 0.00036281179138322029
157 126 0.00027210884353741523
95 127 9.0702947845805018e-05
96 127 0.00027210884353741501
97 127 0.0010884353741496585
98 127 0.00027210884353741485
99 127 9.0702947845804977e-05
110 127 0.0002721088435374155
111 127 0.00081632653061224623
112 127 0.0032653061224489819
113 127 0.0008163265306122459
114 127 0.00027210884353741539
125 127 0.00108843537414966
126 127 0.0032653061224489801
127 127 0.013061224489795914
128 127 0.0032653061224489788
129 127 0.0010884353741496596
140 127 0.00027210884353741474
141 127 0.00081632653061224384
142 127 0.0032653061224489723
143 127 0.00081632653061224341
144 127 0.00027210884353741463
155 127 9.0702947845805072e-05
156 127 0.00027210884353741523
157 127 0.0010884353741496596
158 127 0.00027210884353741517
159 127 9.0702947845805045e-05
97 128 0.00027210884353741485
98 128 0.00036281179138321991
99 128 0.00027210884353741534
112 128 0.0008163265306122459
113 128 0.0010884353741496616
114 128 0.00081632653061224742
127 128 0.003265306122448978
128 128 0.0043537414965986385
129 128 0.003265306122448984
142 128 0.00081632653061224341
143 128 0.0010884353741496585
144 128 0.00081632653061224504
157 128 0.00027210884353741517
158 128 0.00036281179138322018
159 128 0.00027210884353741561
97 129 9.0702947845804977e-05
98 129 0.00027210884353741534
99 129 0.0010884353741496598
100 129 0.00027210884353741469
101 129 9.0702947845805058e-05
112 129 0.00027210884353741534
113 129 0.00081632653061224742
114 129 0.003265306122448984
115 129 0.00081632653061224515
116 129 0.00027210884353741561
127 129 0.0010884353741496596
128 129 0.0032653061224489845
129 129 0.013061224489795921
130 129 0.0032653061224489749
131 129 0.0010884353741496607
142 129 0.00027210884353741463
143 129 0.00081632653061224504
144 129 0.0032653061224489754
145 129 0.00081632653061224276
146 129 0.0002721088435374148
157 129 9.0702947845805045e-05
158 129 0.00027210884353741561
159 129 0.0010884353741496609
160 129 0.0002721088435374149
161 129 9.0702947845805112e-05
99 130 0.00027210884353741469
100 130 0.00036281179138322023
101 130 0.00027210884353741523
114 130 0.00081632653061224515
115 130 0.0010884353741496624
116 130 0.00081632653061224699
129 130 0.0032653061224489749
130 130 0.0043537414965986428
131 130 0.0032653061224489827
144 130 0.00081632653061224265
145 130 0.0010884353741496592
146 130 0.0008163265306122446
159 130 0.0002721088435374149
160 130 0.00036281179138322045
161 130 0.0002721088435374155
99 131 9.0702947845805058e-05
100 131 0.00027210884353741523
101 131 0.0010884353741496594
102 131 0.00027210884353741474
103 131 9.0702947845804963e-05
114 131 0.00027210884353741561
115 131 0.00081632653061224699
116 131 0.003265306122448984
117 131 0.00081632653061224547
118 131 0.00027210884353741534
129 131 0.0010884353741496607
130 131 0.0032653061224489827
131 131 0.013061224489795915
132 131 0.0032653061224489767
133 131 0.0010884353741496594
144 131 0.0002721088435374148
145 131 0.0008163265306122446
146 131 0.0032653061224489732
147 131 0.00081632653061224309
148 131 0.00027210884353741458
159 131 9.0702947845805112e-05
160 131 0.0002721088435374155
161 131 0.0010884353741496603
162 131 0.00027210884353741507
163 131 9.0702947845805018e-05
101 132 0.00027210884353741474
102 132 0.0003628117913832198
103 132 0.00027210884353741512
116 132 0.00081632653061224547
117 132 0.0010884353741496611
118 132 0.00081632653061224677
131 132 0.0032653061224489767
132 132 0.0043537414965986376
133 132 0.0032653061224489814
146 132 0.00081632653061224309
147 132 0.0010884353741496581
148 132 0.00081632653061224449
161 132 0.00027210884353741507
162 132 0.00036281179138322007
163 132 0.00027210884353741545
101 133 9.0702947845804963e-05
102 133 0.00027210884353741512
103 133 0.0010884353741496592
104 133 0.0002721088435374149
105 133 9.0702947845804991e-05
116 133 0.00027210884353741534
117 133 0.00081632653061224677
118 133 0.003265306122448984
119 133 0.0008163265306122458
120 133 0.00027210884353741539
131 133 0.0010884353741496594
132 133 0.0032653061224489814
133 133 0.013061224489795921
134 133 0.003265306122448978
135 133 0.0010884353741496596
146 133 0.00027210884353741458
147 133 0.00081632653061224449
148 133 0.0032653061224489741
149 133 0.00081632653061224341
150 133 0.00027210884353741463
161 133 9.0702947845805031e-05
162 133 0.00027210884353741545
163 133 0.0010884353741496605
164 133 0.00027210884353741517
165 133 9.0702947845805045e-05
103 134 0.0002721088435374149
104 134 0.00036281179138321991
105 134 0.00027210884353741539
118 134 0.0008163265306122458
119 134 0.0010884353741496613
120 134 0.00081632653061224764
133 134 0.003265306122448978
134 134 0.0043537414965986385
135 134 0.0032653061224489849
148 134 0.00081632653061224341
149 134 0.0010884353741496583
150 134 0.00081632653061224536
163 134 0.00027210884353741517
164 134 0.00036281179138322018
165 134 0.00027210884353741572
103 135 9.0702947845804991e-05
104 135 0.00027210884353741545
105 135 0.00054421768707482959
118 135 0.00027210884353741539
119 135 0.00081632653061224764
120 135 0.0016326530612244912
133 135 0.0010884353741496596
134 135 0.0032653061224489849
135 135 0.0065306122448979542
148 135 0.00027210884353741463
149 135 0.00081632653061224536
150 135 0.0016326530612244866
163 135 9.0702947845805058e-05
164 135 0.00027210884353741572
165 135 0.00054421768707483002
121 136 0.0016326530612244875
122 136 0.00081632653061224395
123 136 0.00027210884353741469
136 136 0.002176870748299321
137 136 0.0010884353741496613
138 136 0.00036281179138322023
151 136 0.0016326530612244918
152 136 0.0008163265306122459
153 136 0.00027210884353741539
121 137 0.00081632653061224395
122 137 0.0010884353741496587
123 137 0.00081632653061224395
136 137 0.0010884353741496613
137 137 0.0014512471655328809
138 137 0.0010884353741496609
151 137 0.0008163265306122459
152 137 0.0010884353741496618
153 137 0.0008163265306122459
121 138 0.00027210884353741469
122 138 0.00081632653061224395
123 138 0.0032653061224489745
124 138 0.00081632653061224363
125 138 0.00027210884353741463
136 138 0.00036281179138322023
137 138 0.0010884353741496609
138 138 0.0043537414965986437
139 138 0.0010884353741496611
140 138 0.00036281179138322018
151 138 0.00027210884353741539
152 138 0.0008163265306122459
153 138 0.0032653061224489836
154 138 0.00081632653061224558
155 138 0.00027210884353741528
123 139 0.00081632653061224374
124 139 0.0010884353741496587
125 139 0.00081632653061224406
138 139 0.0010884353741496611
139 139 0.0014512471655328807
140 139 0.0010884353741496613
153 139 0.00081632653061224558
154 139 0.0010884353741496613
155 139 0.00081632653061224612
123 140 0.00027210884353741463
124 140 0.00081632653061224406
125 140 0.0032653061224489758
126 140 0.00081632653061224363
127 140 0.00027210884353741474
138 140 0.00036281179138322018
139 140 0.0010884353741496613
140 140 0.0043537414965986445
141 140 0.0010884353741496609
142 140 0.00036281179138322029
153 140 0.00027210884353741528
154 140 0.00081632653061224612
155 140 0.0032653061224489845
156 140 0.00081632653061224558
157 140 0.00027210884353741539
125 141 0.00081632653061224363
126 141 0.001088435374149659
127 141 0.00081632653061224384
140 141 0.0010884353741496609
141 141 0.0014512471655328814
142 141 0.0010884353741496609
155 141 0.00081632653061224558
156 141 0.0010884353741496616
157 141 0.0008163265306122459
125 142 0.00027210884353741474
126 142 0.00081632653061224374
127 142 0.0032653061224489723
128 142 0.00081632653061224341
129 142 0.00027210884353741463
140 142 0.00036281179138322029
141 142 0.0010884353741496609
142 142 0.0043537414965986385
143 142 0.0010884353741496607
144 142 0.00036281179138322018
155 142 0.00027210884353741539
156 142 0.0008163265306122459
157 142 0.0032653061224489814
158 142 0.00081632653061224536
159 142 0.00027210884353741528
127 143 0.00081632653061224341
128 143 0.0010884353741496587
129 143 0.00081632653061224504
142 143 0.0010884353741496607
143 143 0.0014512471655328807
144 143 0.0010884353741496627
157 143 0.00081632653061224536
158 143 0.0010884353741496613
159 143 0.00081632653061224699
127 144 0.00027210884353741463
128 144 0.00081632653061224504
129 144 0.0032653061224489754
130 144 0.00081632653061224265
131 144 0.0002721088435374148
142 144 0.00036281179138322018
143 144 0.0010884353741496627
144 144 0.0043537414965986437
145 144 0.0010884353741496594
146 144 0.0003628117913832204
157 144 0.00027210884353741528
158 144 0.00081632653061224699
159 144 0.0032653061224489827
160 144 0.00081632653061224471
161 144 0.0002721088435374155
129 145 0.00081632653061224276
130 145 0.0010884353741496592
131 145 0.0008163265306122446
144 145 0.0010884353741496596
145 145 0.0014512471655328818
146 145 0.001088435374149662
159 145 0.00081632653061224471
160 145 0.0010884353741496618
161 145 0.00081632653061224655
129 146 0.0002721088435374148
130 146 0.0008163265306122446
131 146 0.0032653061224489732
132 146 0.00081632653061224309
133 146 0.00027210884353741458
144 146 0.0003628117913832204
145 146 0.001088435374149662
146 146 0.0043537414965986411
147 146 0.00108843537414966
148 146 0.00036281179138322018
159 146 0.0002721088435374155
160 146 0.00081632653061224655
161 146 0.0032653061224489823
162 146 0.00081632653061224525
163 146 0.00027210884353741528
131 147 0.00081632653061224298
132 147 0.0010884353741496581
133 147 0.00081632653061224439
146 147 0.00108843537414966
147 147 0.0014512471655328803
148 147 0.0010884353741496618
161 147 0.00081632653061224525
162 147 0.0010884353741496609
163 147 0.00081632653061224645
131 148 0.00027210884353741458
132 148 0.00081632653061224449
133 148 0.0032653061224489741
134 148 0.00081632653061224341
135 148 0.00027210884353741463
146 148 0.00036281179138322018
147 148 0.0010884353741496618
148 148 0.0043537414965986411
149 148 0.0010884353741496605
150 148 0.00036281179138322018
161 148 0.00027210884353741523
162 148 0.00081632653061224645
163 148 0.0032653061224489823
164 148 0.00081632653061224536
165 148 0.00027210884353741528
133 149 0.00081632653061224341
134 149 0.0010884353741496583
135 149 0.00081632653061224525
148 149 0.0010884353741496605
149 149 0.0014512471655328807
150 149 0.0010884353741496629
163 149 0.00081632653061224536
164 149 0.0010884353741496609
165 149 0.00081632653061224731
133 150 0.00027210884353741463
134 150 0.00081632653061224525
135 150 0.0016326530612244866
148 150 0.00036281179138322018
149 150 0.0010884353741496629
150 150 0.0021768707482993201
163 150 0.00027210884353741523
164 150 0.00081632653061224731
165 150 0.0016326530612244905
121 151 0.00054421768707483024
122 151 0.00027210884353741528
123 151 9.0702947845805058e-05
136 151 0.0016326530612244916
137 151 0.0008163265306122459
138 151 0.00027210884353741534
151 151 0.0065306122448979551
152 151 0.0032653061224489784
153 151 0.0010884353741496592
166 151 0.0016326530612244881
167 151 0.00081632653061224428
168 151 0.0002721088435374148
181 151 0.00054421768707482959
182 151 0.00027210884353741496
183 151 9.0702947845804991e-05
121 152 0.00027210884353741528
122 152 0.00036281179138322023
123 152 0.00027210884353741523
136 152 0.0008163265306122459
137 152 0.0010884353741496616
138 152 0.0008163265306122459
151 152 0.0032653061224489784
152 152 0.0043537414965986367
153 152 0.0032653061224489784
166 152 0.00081632653061224439
167 152 0.0010884353741496594
168 152 0.00081632653061224439
181 152 0.00027210884353741496
182 152 0.00036281179138321996
183 152 0.00027210884353741496
121 153 9.0702947845805058e-05
122 153 0.00027210884353741523
123 153 0.0010884353741496609
124 153 0.00027210884353741528
125 153 9.0702947845805045e-05
136 153 0.00027210884353741534
137 153 0.0008163265306122459
138 153 0.0032653061224489836
139 153 0.00081632653061224558
140 153 0.00027210884353741534
151 153 0.0010884353741496592
152 153 0.0032653061224489784
153 153 0.013061224489795915
154 153 0.003265306122448978
155 153 0.001088435374149659
166 153 0.0002721088435374148
167 153 0.00081632653061224428
168 153 0.0032653061224489762
169 153 0.00081632653061224417
170 153 0.00027210884353741474
181 153 9.0702947845804991e-05
182 153 0.00027210884353741496
183 153 0.0010884353741496598
184 153 0.00027210884353741496
185 153 9.070294784580495e-05
123 154 0.00027210884353741528
124 154 0.00036281179138322018
125 154 0.00027210884353741534
138 154 0.00081632653061224558
139 154 0.0010884353741496611
140 154 0.00081632653061224612
153 154 0.0032653061224489775
154 154 0.0043537414965986359
155 154 0.0032653061224489797
168 154 0.00081632653061224406
169 154 0.001088435374149659
170 154 0.00081632653061224471
183 154 0.00027210884353741496
184 154 0.0003628117913832198
185 154 0.00027210884353741507
123 155 9.0702947845805045e-05
124 155 0.00027210884353741534
125 155 0.0010884353741496609
126 155 0.00027210884353741523
127 155 9.0702947845805072e-05
138 155 0.00027210884353741528
139 155 0.00081632653061224612
140 155 0.0032653061224489845
141 155 0.00081632653061224558
142 155 0.00027210884353741539
153 155 0.001088435374149659
154 155 0.0032653061224489801
155 155 0.013061224489795915
156 155 0.0032653061224489784
157 155 0.0010884353741496596
168 155 0.00027210884353741474
169 155 0.00081632653061224471
170 155 0.0032653061224489775
171 155 0.00081632653061224406
172 155 0.00027210884353741485
183 155 9.070294784580495e-05
184 155 0.00027210884353741507
185 155 0.00108843537414966
186 155 0.0002721088435374149
187 155 9.0702947845804991e-05
125 156 0.00027210884353741523
126 156 0.00036281179138322029
127 156 0.00027210884353741523
140 156 0.00081632653061224558
141 156 0.0010884353741496616
142 156 0.0008163265306122459
155 156 0.0032653061224489775
156 156 0.0043537414965986385
157 156 0.0032653061224489793
170 156 0.00081632653061224406
171 156 0.0010884353741496594
172 156 0.00081632653061224428
185 156 0.0002721088435374149
186 156 0.00036281179138322002
187 156 0.00027210884353741501
125 157 9.0702947845805072e-05
126 157 0.00027210884353741523
127 157 0.0010884353741496596
128 157 0.00027210884353741517
129 157 9.0702947845805045e-05
140 157 0.00027210884353741539
141 157 0.0008163265306122459
142 157 0.0032653061224489814
143 157 0.00081632653061224536
144 157 0.00027210884353741534
155 157 0.0010884353741496596
156 157 0.0032653061224489788
157 157 0.013061224489795905
158 157 0.0032653061224489775
159 157 0.0010884353741496592
170 157 0.00027210884353741485
171 157 0.00081632653061224428
172 157 0.0032653061224489741
173 157 0.00081632653061224395
174 157 0.00027210884353741474
185 157 9.0702947845804991e-05
186 157 0.00027210884353741501
187 157 0.0010884353741496585
188 157 0.00027210884353741485
189 157 9.070294784580495e-05
127 158 0.00027210884353741517
128 158 0.00036281179138322018
129 158 0.00027210884353741561
142 158 0.00081632653061224536
143 158 0.0010884353741496611
144 158 0.00081632653061224699
157 158 0.0032653061224489775
158 158 0.0043537414965986367
159 158 0.0032653061224489827
172 158 0.00081632653061224374
173 158 0.001088435374149659
174 158 0.00081632653061224547
187 158 0.00027210884353741485
188 158 0.0003628117913832198
189 158 0.00027210884353741528
127 159 9.0702947845805045e-05
128 159 0.00027210884353741566
129 159 0.0010884353741496609
130 159 0.00027210884353741485
131 159 9.0702947845805099e-05
142 159 0.00027210884353741528
143 159 0.00081632653061224699
144 159 0.0032653061224489832
145 159 0.00081632653061224471
146 159 0.0002721088435374155
157 159 0.0010884353741496592
158 159 0.0032653061224489836
159 159 0.013061224489795917
160 159 0.0032653061224489732
161 159 0.00108843537414966
172 159 0.00027210884353741474
173 159 0.00081632653061224547
174 159 0.0032653061224489762
175 159 0.00081632653061224309
176 159 0.00027210884353741496
187 159 9.070294784580495e-05
188 159 0.00027210884353741528
189 159 0.0010884353741496594
190 159 0.00027210884353741469
191 159 9.0702947845805018e-05
129 160 0.00027210884353741485
130 160 0.00036281179138322045
131 160 0.0002721088435374155
144 160 0.00081632653061224471
145 160 0.001088435374149662
146 160 0.00081632653061224655
159 160 0.0032653061224489728
160 160 0.0043537414965986393
161 160 0.0032653061224489823
174 160 0.00081632653061224319
175 160 0.0010884353741496598
176 160 0.00081632653061224515
189 160 0.00027210884353741469
190 160 0.00036281179138322007
191 160 0.00027210884353741523
129 161 9.0702947845805099e-05
130 161 0.0002721088435374155
131 161 0.0010884353741496603
132 161 0.00027210884353741501
133 161 9.0702947845805045e-05
144 161 0.0002721088435374155
145 161 0.00081632653061224655
146 161 0.0032653061224489823
147 161 0.00081632653061224525
148 161 0.00027210884353741523
159 161 0.0010884353741496598
160 161 0.0032653061224489823
161 161 0.013061224489795908
162 161 0.0032653061224489754
163 161 0.0010884353741496592
174 161 0.00027210884353741496
175 161 0.00081632653061224515
176 161 0.0032653061224489762
177 161 0.00081632653061224341
178 161 0.00027210884353741469
189 161 9.0702947845805031e-05
190 161 0.00027210884353741512
191 161 0.0010884353741496592
192 161 0.0002721088435374148
193 161 9.0702947845804936e-05
131 162 0.00027210884353741501
132 162 0.00036281179138322012
133 162 0.00027210884353741545
146 162 0.00081632653061224525
147 162 0.0010884353741496609
148 162 0.00081632653061224645
161 162 0.0032653061224489754
162 162 0.0043537414965986359
163 162 0.003265306122448981
176 162 0.00081632653061224341
177 162 0.0010884353741496585
178 162 0.00081632653061224482
191 162 0.00027210884353741474
192 162 0.00036281179138321975
193 162 0.00027210884353741507
131 163 9.0702947845805045e-05
132 163 0.00027210884353741545
133 163 0.0010884353741496605
134 163 0.00027210884353741512
135 163 9.0702947845805058e-05
146 163 0.00027210884353741528
147 163 0.00081632653061224645
148 163 0.0032653061224489832
149 163 0.00081632653061224536
150 163 0.00027210884353741528
161 163 0.0010884353741496592
162 163 0.003265306122448981
163 163 0.013061224489795908
164 163 0.0032653061224489767
165 163 0.0010884353741496592
176 163 0.00027210884353741469
177 163 0.00081632653061224482
178 163 0.0032653061224489762
179 163 0.00081632653061224374
180 163 0.00027210884353741474
191 163 9.0702947845804936e-05
192 163 0.00027210884353741507
193 163 0.001088435374149659
194 163 0.0002721088435374148
195 163 9.0702947845804963e-05
133 164 0.00027210884353741512
134 164 0.00036281179138322018
135 164 0.00027210884353741572
148 164 0.00081632653061224536
149 164 0.0010884353741496611
150 164 0.00081632653061224721
163 164 0.0032653061224489767
164 164 0.0043537414965986359
165 164 0.0032653061224489845
178 164 0.00081632653061224374
179 164 0.0010884353741496587
180 164 0.00081632653061224569
193 164 0.00027210884353741485
194 164 0.0003628117913832198
195 164 0.00027210884353741534
133 165 9.0702947845805058e-05
134 165 0.00027210884353741572
135 165 0.00054421768707483002
148 165 0.00027210884353741528
149 165 0.00081632653061224721
150 165 0.0016326530612244907
163 165 0.0010884353741496592
164 165 0.0032653061224489845
165 165 0.0065306122448979508
178 165 0.00027210884353741474
179 165 0.00081632653061224569
180 165 0.001632653061224487
193 165 9.0702947845804963e-05
194 165 0.00027210884353741534
195 165 0.00054421768707482937
151 166 0.0016326530612244881
152 166 0.00081632653061224439
153 166 0.0002721088435374148
166 166 0.0021768707482993184
167 166 0.0010884353741496598
168 166 0.00036281179138321991
181 166 0.0016326530612244907
182 166 0.00081632653061224558
183 166 0.00027210884353741528
151 167 0.00081632653061224439
152 167 0.0010884353741496594
153 167 0.00081632653061224428
166 167 0.0010884353741496598
167 167 0.0014512471655328796
168 167 0.0010884353741496596
181 167 0.00081632653061224558
182 167 0.0010884353741496613
183 167 0.00081632653061224569
151 168 0.0002721088435374148
152 168 0.00081632653061224428
153 168 0.0032653061224489762
154 168 0.00081632653061224417
155 168 0.00027210884353741474
166 168 0.00036281179138321991
167 168 0.0010884353741496596
168 168 0.0043537414965986376
169 168 0.0010884353741496598
170 168 0.00036281179138321975
181 168 0.00027210884353741534
182 168 0.0008163265306122458
183 168 0.0032653061224489819
184 168 0.00081632653061224547
185 168 0.00027210884353741517
153 169 0.00081632653061224417
154 169 0.001088435374149659
155 169 0.00081632653061224471
168 169 0.0010884353741496598
169 169 0.001451247165532879
170 169 0.0010884353741496603
183 169 0.00081632653061224547
184 169 0.0010884353741496607
185 169 0.00081632653061224601
153 170 0.00027210884353741474
154 170 0.00081632653061224471
155 170 0.003265306122448978
156 170 0.00081632653061224406
157 170 0.00027210884353741485
168 170 0.00036281179138321975
169 170 0.0010884353741496603
170 170 0.0043537414965986411
171 170 0.0010884353741496592
172 170 0.00036281179138321985
183 170 0.00027210884353741517
184 170 0.00081632653061224601
185 170 0.0032653061224489832
186 170 0.00081632653061224536
187 170 0.00027210884353741528
155 171 0.00081632653061224406
156 171 0.0010884353741496594
157 171 0.00081632653061224428
170 171 0.0010884353741496592
171 171 0.0014512471655328798
172 171 0.00108843537414966
185 171 0.00081632653061224536
186 171 0.0010884353741496613
187 171 0.0008163265306122458
155 172 0.00027210884353741485
156 172 0.00081632653061224428
157 172 0.0032653061224489741
158 172 0.00081632653061224395
159 172 0.00027210884353741474
170 172 0.00036281179138321996
171 172 0.00108843537414966
172 172 0.0043537414965986341
173 172 0.0010884353741496594
174 172 0.00036281179138321975
185 172 0.00027210884353741528
186 172 0.00081632653061224569
187 172 0.0032653061224489788
188 172 0.00081632653061224525
189 172 0.00027210884353741517
157 173 0.00081632653061224395
158 173 0.001088435374149659
159 173 0.00081632653061224547
172 173 0.0010884353741496594
173 173 0.001451247165532879
174 173 0.0010884353741496611
187 173 0.00081632653061224525
188 173 0.0010884353741496607
189 173 0.00081632653061224688
157 174 0.00027210884353741474
158 174 0.00081632653061224547
159 174 0.0032653061224489767
160 174 0.00081632653061224319
161 174 0.00027210884353741496
172 174 0.00036281179138321975
173 174 0.0010884353741496611
174 174 0.0043537414965986376
175 174 0.0010884353741496585
176 174 0.00036281179138322007
187 174 0.00027210884353741517
188 174 0.00081632653061224688
189 174 0.0032653061224489823
190 174 0.0008163265306122446
191 174 0.00027210884353741539
159 175 0.00081632653061224309
160 175 0.0010884353741496598
161 175 0.00081632653061224515
174 175 0.0010884353741496585
175 175 0.0014512471655328803
176 175 0.0010884353741496605
189 175 0.00081632653061224449
190 175 0.0010884353741496616
191 175 0.00081632653061224645
159 176 0.00027210884353741496
160 176 0.00081632653061224515
161 176 0.0032653061224489758
162 176 0.00081632653061224341
163 176 0.00027210884353741469
174 176 0.00036281179138322007
175 176 0.0010884353741496605
176 176 0.0043537414965986367
177 176 0.001088435374149659
178 176 0.00036281179138321969
189 176 0.00027210884353741539
190 176 0.00081632653061224645
191 176 0.0032653061224489814
192 176 0.00081632653061224493
193 176 0.00027210884353741512
161 177 0.00081632653061224352
162 177 0.0010884353741496585
163 177 0.00081632653061224482
176 177 0.001088435374149659
177 177 0.0014512471655328788
178 177 0.0010884353741496603
191 177 0.00081632653061224493
192 177 0.00108843537414966
193 177 0.00081632653061224623
161 178 0.00027210884353741469
162 178 0.00081632653061224482
163 178 0.0032653061224489762
164 178 0.00081632653061224374
165 178 0.00027210884353741474
176 178 0.00036281179138321975
177 178 0.0010884353741496603
178 178 0.0043537414965986359
179 178 0.0010884353741496592
180 178 0.0003628117913832198
191 178 0.00027210884353741512
192 178 0.00081632653061224623
193 178 0.0032653061224489814
194 178 0.00081632653061224525
195 178 0.00027210884353741517
163 179 0.00081632653061224374
164 179 0.0010884353741496587
165 179 0.00081632653061224569
178 179 0.0010884353741496592
179 179 0.0014512471655328792
180 179 0.0010884353741496613
193 179 0.00081632653061224525
194 179 0.0010884353741496605
195 179 0.0008163265306122471
163 180 0.00027210884353741474
164 180 0.00081632653061224569
165 180 0.0016326530612244873
178 180 0.0003628117913832198
179 180 0.0010884353741496613
180 180 0.0021768707482993175
193 180 0.00027210884353741517
194 180 0.00081632653061224699
195 180 0.0016326530612244901
151 181 0.00054421768707482959
152 181 0.00027210884353741496
153 181 9.0702947845804991e-05
166 181 0.0016326530612244909
167 181 0.00081632653061224569
168 181 0.00027210884353741528
181 181 0.0065306122448979577
182 181 0.0032653061224489788
183 181 0.0010884353741496594
196 181 0.0016326530612244888
197 181 0.00081632653061224471
198 181 0.00027210884353741496
211 181 0.0005442176870748297
212 181 0.00027210884353741501
213 181 9.0702947845805018e-05
151 182 0.00027210884353741496
152 182 0.00036281179138321996
153 182 0.00027210884353741496
166 182 0.00081632653061224569
167 182 0.0010884353741496613
168 182 0.00081632653061224569
181 182 0.0032653061224489788
182 182 0.0043537414965986376
183 182 0.0032653061224489784
196 182 0.00081632653061224471
197 182 0.0010884353741496598
198 182 0.0008163265306122446
211 182 0.00027210884353741501
212 182 0.00036281179138322007
213 182 0.00027210884353741501
151 183 9.0702947845804991e-05
152 183 0.00027210884353741496
153 183 0.0010884353741496598
154 183 0.00027210884353741496
155 183 9.070294784580495e-05
166 183 0.00027210884353741534
167 183 0.0008163265306122458
168 183 0.0032653061224489819
169 183 0.00081632653061224547
170 183 0.00027210884353741517
181 183 0.0010884353741496594
182 183 0.0032653061224489784
183 183 0.013061224489795919
184 183 0.0032653061224489784
185 183 0.0010884353741496592
196 183 0.0002721088435374149
197 183 0.0008163265306122446
198 183 0.0032653061224489771
199 183 0.0008163265306122446
200 183 0.00027210884353741485
211 183 9.0702947845805018e-05
212 183 0.00027210884353741501
213 183 0.0010884353741496598
214 183 0.00027210884353741501
215 183 9.0702947845804991e-05
153 184 0.00027210884353741496
154 184 0.0003628117913832198
155 184 0.00027210884353741507
168 184 0.00081632653061224547
169 184 0.0010884353741496607
170 184 0.00081632653061224601
183 184 0.003265306122448978
184 184 0.0043537414965986367
185 184 0.0032653061224489801
198 184 0.00081632653061224449
199 184 0.0010884353741496594
200 184 0.00081632653061224493
213 184 0.00027210884353741501
214 184 0.00036281179138321996
215 184 0.00027210884353741512
153 185 9.070294784580495e-05
154 185 0.00027210884353741507
155 185 0.0010884353741496603
156 185 0.00027210884353741485
157 185 9.0702947845804991e-05
168 185 0.00027210884353741517
169 185 0.00081632653061224601
170 185 0.0032653061224489827
171 185 0.00081632653061224536
172 185 0.00027210884353741528
183 185 0.0010884353741496592
184 185 0.0032653061224489806
185 185 0.013061224489795921
186 185 0.0032653061224489784
187 185 0.0010884353741496596
198 185 0.00027210884353741485
199 185 0.00081632653061224493
200 185 0.0032653061224489788
201 185 0.00081632653061224428
202 185 0.00027210884353741485
213 185 9.0702947845804991e-05
214 185 0.00027210884353741512
215 185 0.0010884353741496603
216 185 0.00027210884353741485
217 185 9.0702947845805018e-05
155 186 0.00027210884353741485
156 186 0.00036281179138322002
157 186 0.00027210884353741501
170 186 0.00081632653061224536
171 186 0.0010884353741496613
172 186 0.0008163265306122458
185 186 0.0032653061224489784
186 186 0.0043537414965986385
187 186 0.0032653061224489797
200 186 0.00081632653061224417
201 186 0.0010884353741496596
202 186 0.0008163265306122446
215 186 0.00027210884353741485
216 186 0.00036281179138322012
217 186 0.00027210884353741501
155 187 9.0702947845804991e-05
156 187 0.00027210884353741501
157 187 0.0010884353741496587
158 187 0.0002721088435374149
159 187 9.070294784580495e-05
170 187 0.00027210884353741528
171 187 0.0008163265306122458
172 187 0.0032653061224489793
173 187 0.00081632653061224525
174 187 0.00027210884353741517
185 187 0.0010884353741496596
186 187 0.0032653061224489793
187 187 0.013061224489795908
188 187 0.003265306122448978
189 187 0.0010884353741496594
200 187 0.00027210884353741485
201 187 0.0008163265306122446
202 187 0.0032653061224489749
203 187 0.00081632653061224439
204 187 0.00027210884353741485
215 187 9.0702947845805018e-05
216 187 0.00027210884353741507
217 187 0.0010884353741496587
218 187 0.0002721088435374149
219 187 9.0702947845804991e-05
157 188 0.0002721088435374149
158 188 0.0003628117913832198
159 188 0.00027210884353741528
172 188 0.00081632653061224515
173 188 0.0010884353741496607
174 188 0.00081632653061224677
187 188 0.003265306122448978
188 188 0.0043537414965986376
189 188 0.0032653061224489836
202 188 0.00081632653061224428
203 188 0.0010884353741496594
204 188 0.00081632653061224569
217 188 0.0002721088435374149
218 188 0.00036281179138321996
219 188 0.00027210884353741534
157 189 9.070294784580495e-05
158 189 0.00027210884353741528
159 189 0.0010884353741496596
160 189 0.00027210884353741469
161 189 9.0702947845805031e-05
172 189 0.00027210884353741517
173 189 0.00081632653061224688
174 189 0.0032653061224489814
175 189 0.00081632653061224449
176 189 0.00027210884353741539
187 189 0.0010884353741496594
188 189 0.0032653061224489836
189 189 0.013061224489795922
190 189 0.0032653061224489745
191 189 0.0010884353741496605
202 189 0.00027210884353741485
203 189 0.00081632653061224569
204 189 0.0032653061224489771
205 189 0.0008163265306122433
206 189 0.00027210884353741507
217 189 9.0702947845804991e-05
218 189 0.00027210884353741534
219 189 0.0010884353741496596
220 189 0.00027210884353741469
221 189 9.0702947845805045e-05
159 190 0.00027210884353741469
160 190 0.00036281179138322007
161 190 0.00027210884353741512
174 190 0.00081632653061224449
175 190 0.0010884353741496616
176 190 0.00081632653061224645
189 190 0.0032653061224489745
190 190 0.0043537414965986411
191 190 0.0032653061224489823
204 190 0.0008163265306122433
205 190 0.0010884353741496603
206 190 0.00081632653061224536
219 190 0.00027210884353741469
220 190 0.00036281179138322018
221 190 0.00027210884353741523
159 191 9.0702947845805018e-05
160 191 0.00027210884353741523
161 191 0.0010884353741496594
162 191 0.00027210884353741474
163 191 9.0702947845804936e-05
174 191 0.00027210884353741539
175 191 0.00081632653061224655
176 191 0.0032653061224489814
177 191 0.00081632653061224504
178 191 0.00027210884353741512
189 191 0.0010884353741496607
190 191 0.0032653061224489823
191 191 0.013061224489795914
192 191 0.0032653061224489762
193 191 0.0010884353741496592
204 191 0.00027210884353741507
205 191 0.00081632653061224536
206 191 0.0032653061224489767
207 191 0.00081632653061224384
208 191 0.00027210884353741474
219 191 9.0702947845805058e-05
220 191 0.00027210884353741523
221 191 0.0010884353741496594
222 191 0.0002721088435374148
223 191 9.0702947845804977e-05
161 192 0.00027210884353741474
162 192 0.00036281179138321975
163 192 0.00027210884353741507
176 192 0.00081632653061224482
177 192 0.0010884353741496603
178 192 0.00081632653061224623
191 192 0.0032653061224489762
192 192 0.0043537414965986367
193 192 0.0032653061224489814
206 192 0.00081632653061224384
207 192 0.0010884353741496587
208 192 0.00081632653061224504
221 192 0.0002721088435374148
222 192 0.00036281179138321985
223 192 0.00027210884353741512
161 193 9.0702947845804936e-05
162 193 0.00027210884353741507
163 193 0.001088435374149659
164 193 0.00027210884353741485
165 193 9.0702947845804963e-05
176 193 0.00027210884353741512
177 193 0.00081632653061224623
178 193 0.0032653061224489814
179 193 0.00081632653061224525
180 193 0.00027210884353741517
191 193 0.0010884353741496592
192 193 0.0032653061224489814
193 193 0.013061224489795915
194 193 0.0032653061224489771
195 193 0.0010884353741496592
206 193 0.00027210884353741474
207 193 0.00081632653061224504
208 193 0.0032653061224489775
209 193 0.00081632653061224406
210 193 0.00027210884353741485
221 193 9.0702947845804977e-05
222 193 0.00027210884353741512
223 193 0.0010884353741496592
224 193 0.0002721088435374149
225 193 9.0702947845804991e-05
163 194 0.00027210884353741485
164 194 0.0003628117913832198
165 194 0.00027210884353741534
178 194 0.00081632653061224525
179 194 0.0010884353741496605
180 194 0.00081632653061224699
193 194 0.0032653061224489771
194 194 0.0043537414965986367
195 194 0.0032653061224489849
208 194 0.00081632653061224406
209 194 0.0010884353741496592
210 194 0.0008163265306122459
223 194 0.0002721088435374149
224 194 0.00036281179138321996
225 194 0.00027210884353741539
163 195 9.0702947845804963e-05
164 195 0.00027210884353741534
165 195 0.00054421768707482948
178 195 0.00027210884353741517
179 195 0.0008163265306122471
180 195 0.0016326530612244901
193 195 0.0010884353741496594
194 195 0.0032653061224489849
195 195 0.0065306122448979534
208 195 0.00027210884353741485
209 195 0.0008163265306122459
210 195 0.0016326530612244879
223 195 9.0702947845804991e-05
224 195 0.00027210884353741539
225 195 0.00054421768707482959
181 196 0.0016326530612244888
182 196 0.0008163265306122446
183 196 0.00027210884353741496
196 196 0.0021768707482993188
197 196 0.00108843537414966
198 196 0.00036281179138322002
211 196 0.0016326530612244927
212 196 0.00081632653061224645
213 196 0.00027210884353741555
181 197 0.0008163265306122446
182 197 0.0010884353741496598
183 197 0.00081632653061224449
196 197 0.00108843537414966
197 197 0.0014512471655328801
198 197 0.0010884353741496598
211 197 0.00081632653061224645
212 197 0.0010884353741496622
213 197 0.00081632653061224645
181 198 0.0002721088435374149
182 198 0.0008163265306122446
183 198 0.0032653061224489775
184 198 0.0008163265306122446
185 198 0.00027210884353741485
196 198 0.00036281179138322002
197 198 0.0010884353741496598
198 198 0.0043537414965986376
199 198 0.00108843537414966
200 198 0.00036281179138321991
211 198 0.00027210884353741555
212 198 0.00081632653061224666
213 198 0.0032653061224489854
214 198 0.00081632653061224634
215 198 0.00027210884353741545
183 199 0.0008163265306122446
184 199 0.0010884353741496594
185 199 0.00081632653061224493
198 199 0.00108843537414966
199 199 0.0014512471655328796
200 199 0.0010884353741496605
213 199 0.00081632653061224634
214 199 0.0010884353741496618
215 199 0.00081632653061224688
183 200 0.00027210884353741485
184 200 0.00081632653061224493
185 200 0.0032653061224489788
186 200 0.00081632653061224428
187 200 0.00027210884353741485
198 200 0.00036281179138321991
199 200 0.0010884353741496605
200 200 0.0043537414965986411
201 200 0.0010884353741496594
202 200 0.00036281179138322007
213 200 0.00027210884353741545
214 200 0.00081632653061224688
215 200 0.0032653061224489867
216 200 0.00081632653061224623
217 200 0.00027210884353741561
185 201 0.00081632653061224428
186 201 0.0010884353741496596
187 201 0.0008163265306122446
200 201 0.0010884353741496594
201 201 0.0014512471655328805
202 201 0.0010884353741496603
215 201 0.00081632653061224623
216 201 0.0010884353741496624
217 201 0.00081632653061224666
185 202 0.00027210884353741485
186 202 0.00081632653061224449
187 202 0.0032653061224489745
188 202 0.00081632653061224439
189 202 0.00027210884353741485
200 202 0.00036281179138322007
201 202 0.0010884353741496603
202 202 0.004353741496598635
203 202 0.0010884353741496596
204 202 0.00036281179138321991
215 202 0.00027210884353741561
216 202 0.00081632653061224666
217 202 0.0032653061224489827
218 202 0.00081632653061224612
219 202 0.00027210884353741545
187 203 0.00081632653061224439
188 203 0.0010884353741496594
189 203 0.00081632653061224569
202 203 0.0010884353741496596
203 203 0.0014512471655328796
204 203 0.0010884353741496613
217 203 0.00081632653061224612
218 203 0.0010884353741496618
219 203 0.00081632653061224764
187 204 0.00027210884353741485
188 204 0.00081632653061224569
189 204 0.003265306122448978
190 204 0.00081632653061224341
191 204 0.00027210884353741507
202 204 0.00036281179138321991
203 204 0.0010884353741496613
204 204 0.0043537414965986385
205 204 0.0010884353741496587
206 204 0.00036281179138322018
217 204 0.00027210884353741545
218 204 0.00081632653061224764
219 204 0.0032653061224489858
220 204 0.00081632653061224536
221 204 0.00027210884353741566
189 205 0.0008163265306122433
190 205 0.0010884353741496603
191 205 0.00081632653061224536
204 205 0.0010884353741496587
205 205 0.0014512471655328807
206 205 0.0010884353741496609
219 205 0.00081632653061224536
220 205 0.0010884353741496627
221 205 0.00081632653061224731
189 206 0.00027210884353741507
190 206 0.00081632653061224536
191 206 0.0032653061224489771
192 206 0.00081632653061224384
193 206 0.00027210884353741474
204 206 0.00036281179138322018
205 206 0.0010884353741496609
206 206 0.0043537414965986367
207 206 0.001088435374149659
208 206 0.00036281179138321985
219 206 0.00027210884353741566
220 206 0.00081632653061224731
221 206 0.0032653061224489849
222 206 0.00081632653061224569
223 206 0.00027210884353741539
191 207 0.00081632653061224384
192 207 0.001088435374149659
193 207 0.00081632653061224504
206 207 0.0010884353741496592
207 207 0.0014512471655328794
208 207 0.0010884353741496605
221 207 0.0008163265306122458
222 207 0.0010884353741496613
223 207 0.00081632653061224699
191 208 0.00027210884353741474
192 208 0.00081632653061224504
193 208 0.0032653061224489775
194 208 0.00081632653061224406
195 208 0.00027210884353741485
206 208 0.00036281179138321985
207 208 0.0010884353741496605
208 208 0.0043537414965986359
209 208 0.0010884353741496596
210 208 0.00036281179138321996
221 208 0.00027210884353741539
222 208 0.0008163265306122471
223 208 0.0032653061224489854
224 208 0.00081632653061224601
225 208 0.00027210884353741545
193 209 0.00081632653061224406
194 209 0.0010884353741496594
195 209 0.0008163265306122459
208 209 0.0010884353741496596
209 209 0.0014512471655328796
210 209 0.0010884353741496616
223 209 0.00081632653061224601
224 209 0.0010884353741496616
225 209 0.00081632653061224786
193 210 0.00027210884353741485
194 210 0.0008163265306122459
195 210 0.0016326530612244879
208 210 0.00036281179138321991
209 210 0.0010884353741496616
210 210 0.0021768707482993179
223 210 0.00027210884353741545
224 210 0.00081632653061224786
225 210 0.0016326530612244918
181 211 0.0005442176870748297
182 211 0.00027210884353741501
183 211 9.0702947845805018e-05
196 211 0.0016326530612244927
197 211 0.00081632653061224645
198 211 0.00027210884353741555
211 211 0.003265306122448978
212 211 0.0016326530612244888
213 211 0.00054421768707482959
181 212 0.00027210884353741501
182 212 0.00036281179138322007
183 212 0.00027210884353741501
196 212 0.00081632653061224645
197 212 0.0010884353741496622
198 212 0.00081632653061224666
211 212 0.0016326530612244888
212 212 0.0021768707482993184
213 212 0.001632653061224489
181 213 9.0702947845805018e-05
182 213 0.00027210884353741501
183 213 0.0010884353741496598
184 213 0.00027210884353741501
185 213 9.0702947845804991e-05
196 213 0.00027210884353741555
197 213 0.00081632653061224645
198 213 0.0032653061224489854
199 213 0.00081632653061224634
200 213 0.00027210884353741539
211 213 0.00054421768707482959
212 213 0.001632653061224489
213 213 0.0065306122448979542
214 213 0.0016326530612244886
215 213 0.00054421768707482948
183 214 0.00027210884353741501
184 214 0.00036281179138322002
185 214 0.00027210884353741512
198 214 0.00081632653061224634
199 214 0.0010884353741496618
200 214 0.00081632653061224677
213 214 0.0016326530612244886
214 214 0.0021768707482993179
215 214 0.0016326530612244894
183 215 9.0702947845804991e-05
184 215 0.00027210884353741512
185 215 0.0010884353741496603
186 215 0.0002721088435374149
187 215 9.0702947845805018e-05
198 215 0.00027210884353741545
199 215 0.00081632653061224688
200 215 0.0032653061224489862
201 215 0.00081632653061224623
202 215 0.00027210884353741561
213 215 0.00054421768707482948
214 215 0.0016326530612244896
215 215 0.0065306122448979551
216 215 0.0016326530612244883
217 215 0.0005442176870748297
185 216 0.0002721088435374149
186 216 0.00036281179138322012
187 216 0.00027210884353741507
200 216 0.00081632653061224623
201 216 0.0010884353741496624
202 216 0.00081632653061224655
215 216 0.0016326530612244883
216 216 0.0021768707482993192
217 216 0.001632653061224489
185 217 9.0702947845805018e-05
186 217 0.00027210884353741507
187 217 0.0010884353741496587
188 217 0.00027210884353741496
189 217 9.0702947845804991e-05
200 217 0.00027210884353741561
201 217 0.00081632653061224655
202 217 0.0032653061224489832
203 217 0.00081632653061224612
204 217 0.00027210884353741539
215 217 0.0005442176870748297
216 217 0.001632653061224489
217 217 0.006530612244897949
218 217 0.0016326530612244881
219 217 0.00054421768707482959
187 218 0.00027210884353741496
188 218 0.00036281179138322002
189 218 0.00027210884353741534
202 218 0.00081632653061224601
203 218 0.0010884353741496618
204 218 0.00081632653061224764
217 218 0.0016326530612244881
218 218 0.0021768707482993184
219 218 0.0016326530612244912
187 219 9.0702947845804991e-05
188 219 0.00027210884353741534
189 219 0.0010884353741496598
190 219 0.00027210884353741469
191 219 9.0702947845805058e-05
202 219 0.00027210884353741545
203 219 0.00081632653061224764
204 219 0.0032653061224489849
205 219 0.00081632653061224536
206 219 0.00027210884353741566
217 219 0.00054421768707482959
218 219 0.0016326530612244912
219 219 0.0065306122448979542
220 219 0.001632653061224487
221 219 0.00054421768707483002
189 220 0.00027210884353741469
190 220 0.00036281179138322018
191 220 0.00027210884353741523
204 220 0.00081632653061224536
205 220 0.0010884353741496627
206 220 0.00081632653061224731
219 220 0.001632653061224487
220 220 0.0021768707482993201
221 220 0.0016326530612244905
189 221 9.0702947845805045e-05
190 221 0.00027210884353741523
191 221 0.0010884353741496594
192 221 0.0002721088435374148
193 221 9.0702947845804963e-05
204 221 0.00027210884353741566
205 221 0.00081632653061224731
206 221 0.0032653061224489849
207 221 0.00081632653061224569
208 221 0.00027210884353741539
219 221 0.00054421768707483002
220 221 0.0016326530612244905
221 221 0.0065306122448979499
222 221 0.0016326530612244875
223 221 0.00054421768707482948
191 222 0.0002721088435374148
192 222 0.00036281179138321985
193 222 0.00027210884353741512
206 222 0.00081632653061224569
207 222 0.0010884353741496613
208 222 0.00081632653061224699
221 222 0.0016326530612244875
222 222 0.0021768707482993179
223 222 0.0016326530612244901
191 223 9.0702947845804963e-05
192 223 0.00027210884353741512
193 223 0.001088435374149659
194 223 0.0002721088435374149
195 223 9.0702947845804991e-05
206 223 0.00027210884353741539
207 223 0.00081632653061224699
208 223 0.0032653061224489854
209 223 0.00081632653061224601
210 223 0.00027210884353741545
221 223 0.00054421768707482948
222 223 0.0016326530612244901
223 223 0.0065306122448979516
224 223 0.0016326530612244881
225 223 0.00054421768707482959
193 224 0.0002721088435374149
194 224 0.00036281179138321991
195 224 0.00027210884353741539
208 224 0.00081632653061224612
209 224 0.0010884353741496616
210 224 0.00081632653061224786
223 224 0.0016326530612244881
224 224 0.0021768707482993184
225 224 0.0016326530612244918
193 225 9.0702947845804991e-05
194 225 0.00027210884353741539
195 225 0.00054421768707482948
208 225 0.00027210884353741545
209 225 0.00081632653061224786
210 225 0.0016326530612244918
223 225 0.0005442176870748297
224 225 0.0016326530612244918
225 225 0.0032653061224489749


