# Created by Octave 5.2.0, Sat Oct 09 22:37:48 2021 CEST <omen@omen-linux>
# name: B
# type: sparse matrix
# nnz: 1600
# rows: 64
# columns: 64
1 1 0.0090702947845804974
2 1 0.0045351473922902478
3 1 0.0020408163265306116
4 1 0.00022675736961451243
9 1 0.0045351473922902487
10 1 0.0022675736961451235
11 1 0.001020408163265306
12 1 0.00011337868480725626
17 1 0.002040816326530612
18 1 0.001020408163265306
19 1 0.00045918367346938779
20 1 5.1020408163265315e-05
25 1 0.00022675736961451246
26 1 0.00011337868480725626
27 1 5.1020408163265315e-05
28 1 5.6689342403628128e-06
1 2 0.0045351473922902478
2 2 0.0054421768707482981
3 2 0.0049886621315192725
4 2 0.00090702947845804982
9 2 0.0022675736961451235
10 2 0.002721088435374149
11 2 0.0024943310657596371
12 2 0.00045351473922902491
17 2 0.001020408163265306
18 2 0.0012244897959183675
19 2 0.0011224489795918372
20 2 0.00020408163265306131
25 2 0.00011337868480725626
26 2 0.00013605442176870751
27 2 0.00012471655328798192
28 2 2.2675736961451254e-05
1 3 0.0020408163265306116
2 3 0.0049886621315192725
3 3 0.01451247165532879
4 3 0.0090702947845804887
5 3 0.0010204081632653056
6 3 0.0001133786848072562
9 3 0.001020408163265306
10 3 0.0024943310657596371
11 3 0.007256235827664396
12 3 0.004535147392290247
13 3 0.00051020408163265289
14 3 5.6689342403628114e-05
17 3 0.00045918367346938779
18 3 0.0011224489795918372
19 3 0.0032653061224489806
20 3 0.002040816326530612
21 3 0.00022959183673469381
22 3 2.5510204081632651e-05
25 3 5.1020408163265308e-05
26 3 0.00012471655328798192
27 3 0.00036281179138322023
28 3 0.00022675736961451243
29 3 2.5510204081632647e-05
30 3 2.8344671201814064e-06
1 4 0.00022675736961451243
2 4 0.00090702947845804972
3 4 0.0090702947845804887
4 4 0.01451247165532879
5 4 0.0060090702947845787
6 4 0.001020408163265306
9 4 0.00011337868480725624
10 4 0.00045351473922902491
11 4 0.004535147392290247
12 4 0.0072562358276643986
13 4 0.0030045351473922907
14 4 0.000510204081632653
17 4 5.1020408163265315e-05
18 4 0.00020408163265306131
19 4 0.002040816326530612
20 4 0.0032653061224489806
21 4 0.0013520408163265314
22 4 0.00022959183673469389
25 4 5.6689342403628128e-06
26 4 2.2675736961451254e-05
27 4 0.00022675736961451243
28 4 0.0003628117913832198
29 4 0.00015022675736961453
30 4 2.5510204081632664e-05
3 5 0.0010204081632653056
4 5 0.0060090702947845787
5 5 0.014512471655328795
6 5 0.0090702947845804887
7 5 0.0009070294784580495
8 5 0.00022675736961451235
11 5 0.00051020408163265289
12 5 0.0030045351473922907
13 5 0.0072562358276643977
14 5 0.004535147392290247
15 5 0.0004535147392290248
16 5 0.00011337868480725623
19 5 0.00022959183673469381
20 5 0.0013520408163265314
21 5 0.0032653061224489814
22 5 0.0020408163265306124
23 5 0.00020408163265306123
24 5 5.1020408163265288e-05
27 5 2.5510204081632647e-05
28 5 0.00015022675736961453
29 5 0.00036281179138322034
30 5 0.00022675736961451246
31 5 2.2675736961451244e-05
32 5 5.6689342403628102e-06
3 6 0.0001133786848072562
4 6 0.0010204081632653062
5 6 0.0090702947845804904
6 6 0.014512471655328787
7 6 0.0049886621315192699
8 6 0.0020408163265306111
11 6 5.6689342403628114e-05
12 6 0.000510204081632653
13 6 0.004535147392290247
14 6 0.0072562358276643977
15 6 0.0024943310657596367
16 6 0.0010204081632653058
19 6 2.5510204081632651e-05
20 6 0.00022959183673469392
21 6 0.0020408163265306124
22 6 0.0032653061224489797
23 6 0.001122448979591837
24 6 0.00045918367346938762
27 6 2.8344671201814064e-06
28 6 2.5510204081632664e-05
29 6 0.00022675736961451246
30 6 0.00036281179138321969
31 6 0.00012471655328798187
32 6 5.1020408163265308e-05
5 7 0.00090702947845804928
6 7 0.0049886621315192699
7 7 0.0054421768707482946
8 7 0.004535147392290247
13 7 0.0004535147392290248
14 7 0.0024943310657596367
15 7 0.0027210884353741486
16 7 0.0022675736961451235
21 7 0.00020408163265306123
22 7 0.001122448979591837
23 7 0.0012244897959183671
24 7 0.001020408163265306
29 7 2.2675736961451244e-05
30 7 0.00012471655328798187
31 7 0.00013605442176870751
32 7 0.00011337868480725623
5 8 0.00022675736961451235
6 8 0.0020408163265306111
7 8 0.004535147392290247
8 8 0.0090702947845804922
13 8 0.00011337868480725623
14 8 0.0010204081632653058
15 8 0.0022675736961451235
16 8 0.0045351473922902487
21 8 5.1020408163265288e-05
22 8 0.00045918367346938762
23 8 0.001020408163265306
24 8 0.002040816326530612
29 8 5.6689342403628102e-06
30 8 5.1020408163265308e-05
31 8 0.00011337868480725623
32 8 0.00022675736961451246
1 9 0.0045351473922902487
2 9 0.0022675736961451239
3 9 0.0010204081632653058
4 9 0.00011337868480725626
9 9 0.0054421768707482972
10 9 0.002721088435374149
11 9 0.0012244897959183675
12 9 0.00013605442176870756
17 9 0.0049886621315192716
18 9 0.0024943310657596371
19 9 0.0011224489795918374
20 9 0.00012471655328798195
25 9 0.00090702947845804982
26 9 0.00045351473922902497
27 9 0.00020408163265306123
28 9 2.2675736961451251e-05
1 10 0.0022675736961451239
2 10 0.0027210884353741486
3 10 0.0024943310657596371
4 10 0.00045351473922902491
9 10 0.002721088435374149
10 10 0.0032653061224489801
11 10 0.0029931972789115657
12 10 0.00054421768707482981
17 10 0.0024943310657596371
18 10 0.0029931972789115661
19 10 0.0027437641723356021
20 10 0.00049886621315192758
25 10 0.00045351473922902497
26 10 0.00054421768707482992
27 10 0.00049886621315192769
28 10 9.0702947845805004e-05
1 11 0.0010204081632653058
2 11 0.0024943310657596367
3 11 0.007256235827664396
4 11 0.004535147392290247
5 11 0.00051020408163265278
6 11 5.6689342403628114e-05
9 11 0.0012244897959183675
10 11 0.0029931972789115657
11 11 0.0087074829931972821
12 11 0.0054421768707482963
13 11 0.00061224489795918364
14 11 6.8027210884353753e-05
17 11 0.0011224489795918374
18 11 0.0027437641723356021
19 11 0.0079818594104308395
20 11 0.0049886621315192742
21 11 0.00056122448979591859
22 11 6.2358276643990961e-05
25 11 0.00020408163265306123
26 11 0.00049886621315192769
27 11 0.0014512471655328805
28 11 0.00090702947845805004
29 11 0.00010204081632653059
30 11 1.1337868480725622e-05
1 12 0.00011337868480725624
2 12 0.00045351473922902491
3 12 0.004535147392290247
4 12 0.0072562358276643995
5 12 0.0030045351473922907
6 12 0.00051020408163265311
9 12 0.00013605442176870751
10 12 0.00054421768707482981
11 12 0.0054421768707482963
12 12 0.0087074829931972769
13 12 0.0036054421768707489
14 12 0.00061224489795918397
17 12 0.00012471655328798195
18 12 0.00049886621315192758
19 12 0.0049886621315192742
20 12 0.0079818594104308395
21 12 0.0033049886621315198
22 12 0.0005612244897959187
25 12 2.2675736961451251e-05
26 12 9.0702947845805004e-05
27 12 0.00090702947845805004
28 12 0.0014512471655328798
29 12 0.00060090702947845822
30 12 0.00010204081632653064
3 13 0.00051020408163265278
4 13 0.0030045351473922907
5 13 0.0072562358276643977
6 13 0.0045351473922902461
7 13 0.00045351473922902491
8 13 0.00011337868480725623
11 13 0.00061224489795918364
12 13 0.0036054421768707489
13 13 0.0087074829931972856
14 13 0.0054421768707482998
15 13 0.00054421768707482992
16 13 0.00013605442176870748
19 13 0.00056122448979591859
20 13 0.0033049886621315198
21 13 0.007981859410430843
22 13 0.0049886621315192751
23 13 0.00049886621315192747
24 13 0.00012471655328798189
27 13 0.00010204081632653059
28 13 0.00060090702947845822
29 13 0.0014512471655328809
30 13 0.00090702947845804993
31 13 9.0702947845805018e-05
32 13 2.2675736961451244e-05
3 14 5.6689342403628114e-05
4 14 0.00051020408163265311
5 14 0.004535147392290247
6 14 0.0072562358276643977
7 14 0.0024943310657596363
8 14 0.0010204081632653058
11 14 6.8027210884353753e-05
12 14 0.00061224489795918397
13 14 0.0054421768707482998
14 14 0.0087074829931972769
15 14 0.0029931972789115644
16 14 0.0012244897959183671
19 14 6.2358276643990947e-05
20 14 0.0005612244897959187
21 14 0.0049886621315192751
22 14 0.0079818594104308395
23 14 0.0027437641723356012
24 14 0.001122448979591837
27 14 1.1337868480725622e-05
28 14 0.00010204081632653064
29 14 0.00090702947845805004
30 14 0.0014512471655328796
31 14 0.00049886621315192747
32 14 0.00020408163265306115
5 15 0.00045351473922902491
6 15 0.0024943310657596363
7 15 0.0027210884353741486
8 15 0.0022675736961451235
13 15 0.00054421768707482981
14 15 0.0029931972789115644
15 15 0.0032653061224489788
16 15 0.0027210884353741495
21 15 0.00049886621315192747
22 15 0.0027437641723356012
23 15 0.0029931972789115639
24 15 0.0024943310657596371
29 15 9.0702947845805018e-05
30 15 0.00049886621315192747
31 15 0.0005442176870748297
32 15 0.00045351473922902486
5 16 0.00011337868480725623
6 16 0.0010204081632653058
7 16 0.0022675736961451235
8 16 0.0045351473922902487
13 16 0.00013605442176870748
14 16 0.0012244897959183671
15 16 0.0027210884353741495
16 16 0.0054421768707482981
21 16 0.00012471655328798189
22 16 0.001122448979591837
23 16 0.0024943310657596376
24 16 0.0049886621315192742
29 16 2.2675736961451244e-05
30 16 0.00020408163265306115
31 16 0.00045351473922902497
32 16 0.00090702947845804972
1 17 0.0020408163265306111
2 17 0.001020408163265306
3 17 0.00045918367346938779
4 17 5.1020408163265315e-05
9 17 0.0049886621315192716
10 17 0.0024943310657596371
11 17 0.0011224489795918374
12 17 0.00012471655328798192
17 17 0.014512471655328789
18 17 0.0072562358276643969
19 17 0.0032653061224489814
20 17 0.00036281179138322012
25 17 0.0090702947845804922
26 17 0.004535147392290247
27 17 0.0020408163265306116
28 17 0.00022675736961451243
33 17 0.0010204081632653053
34 17 0.00051020408163265289
35 17 0.00022959183673469384
36 17 2.5510204081632647e-05
41 17 0.00011337868480725621
42 17 5.6689342403628128e-05
43 17 2.5510204081632654e-05
44 17 2.8344671201814064e-06
1 18 0.001020408163265306
2 18 0.0012244897959183675
3 18 0.0011224489795918372
4 18 0.00020408163265306129
9 18 0.0024943310657596371
10 18 0.0029931972789115652
11 18 0.0027437641723356021
12 18 0.00049886621315192758
17 18 0.0072562358276643969
18 18 0.0087074829931972839
19 18 0.007981859410430843
20 18 0.0014512471655328805
25 18 0.004535147392290247
26 18 0.0054421768707482972
27 18 0.0049886621315192734
28 18 0.00090702947845804993
33 18 0.00051020408163265278
34 18 0.00061224489795918375
35 18 0.00056122448979591859
36 18 0.0001020408163265306
41 18 5.6689342403628128e-05
42 18 6.802721088435374e-05
43 18 6.2358276643990947e-05
44 18 1.1337868480725626e-05
1 19 0.00045918367346938779
2 19 0.0011224489795918372
3 19 0.003265306122448981
4 19 0.002040816326530612
5 19 0.00022959183673469381
6 19 2.5510204081632651e-05
9 19 0.0011224489795918374
10 19 0.0027437641723356021
11 19 0.0079818594104308395
12 19 0.0049886621315192742
13 19 0.00056122448979591859
14 19 6.2358276643990947e-05
17 19 0.0032653061224489819
18 19 0.0079818594104308447
19 19 0.023219954648526116
20 19 0.014512471655328801
21 19 0.0016326530612244903
22 19 0.00018140589569161004
25 19 0.0020408163265306116
26 19 0.0049886621315192734
27 19 0.014512471655328806
28 19 0.0090702947845804956
29 19 0.0010204081632653056
30 19 0.0001133786848072562
33 19 0.00022959183673469384
34 19 0.00056122448979591848
35 19 0.0016326530612244901
36 19 0.0010204081632653056
37 19 0.00011479591836734689
38 19 1.2755102040816322e-05
41 19 2.5510204081632654e-05
42 19 6.2358276643990947e-05
43 19 0.00018140589569161009
44 19 0.0001133786848072562
45 19 1.275510204081632e-05
46 19 1.4172335600907028e-06
1 20 5.1020408163265315e-05
2 20 0.00020408163265306129
3 20 0.002040816326530612
4 20 0.0032653061224489806
5 20 0.0013520408163265316
6 20 0.00022959183673469387
9 20 0.00012471655328798192
10 20 0.00049886621315192758
11 20 0.0049886621315192742
12 20 0.0079818594104308395
13 20 0.0033049886621315198
14 20 0.0005612244897959187
17 20 0.00036281179138322012
18 20 0.0014512471655328805
19 20 0.014512471655328797
20 20 0.023219954648526085
21 20 0.0096145124716553333
22 20 0.0016326530612244907
25 20 0.00022675736961451243
26 20 0.00090702947845804982
27 20 0.0090702947845804956
28 20 0.014512471655328794
29 20 0.0060090702947845813
30 20 0.0010204081632653064
33 20 2.5510204081632647e-05
34 20 0.00010204081632653062
35 20 0.0010204081632653058
36 20 0.0016326530612244899
37 20 0.0006760204081632655
38 20 0.00011479591836734691
41 20 2.8344671201814064e-06
42 20 1.1337868480725626e-05
43 20 0.0001133786848072562
44 20 0.00018140589569160985
45 20 7.511337868480725e-05
46 20 1.2755102040816327e-05
3 21 0.00022959183673469387
4 21 0.0013520408163265314
5 21 0.0032653061224489814
6 21 0.002040816326530612
7 21 0.00020408163265306123
8 21 5.1020408163265288e-05
11 21 0.00056122448979591859
12 21 0.0033049886621315198
13 21 0.007981859410430843
14 21 0.0049886621315192751
15 21 0.00049886621315192747
16 21 0.00012471655328798187
19 21 0.0016326530612244905
20 21 0.0096145124716553333
21 21 0.023219954648526116
22 21 0.014512471655328801
23 21 0.0014512471655328798
24 21 0.00036281179138322007
27 21 0.0010204081632653056
28 21 0.0060090702947845813
29 21 0.014512471655328811
30 21 0.0090702947845805008
31 21 0.00090702947845804961
32 21 0.00022675736961451237
35 21 0.00011479591836734689
36 21 0.0006760204081632655
37 21 0.0016326530612244901
38 21 0.0010204081632653056
39 21 0.00010204081632653059
40 21 2.5510204081632644e-05
43 21 1.2755102040816322e-05
44 21 7.511337868480725e-05
45 21 0.00018140589569161012
46 21 0.00011337868480725621
47 21 1.133786848072562e-05
48 21 2.8344671201814043e-06
3 22 2.5510204081632651e-05
4 22 0.00022959183673469389
5 22 0.002040816326530612
6 22 0.0032653061224489806
7 22 0.001122448979591837
8 22 0.00045918367346938762
11 22 6.2358276643990961e-05
12 22 0.0005612244897959187
13 22 0.0049886621315192751
14 22 0.0079818594104308395
15 22 0.0027437641723356007
16 22 0.001122448979591837
19 22 0.00018140589569161006
20 22 0.0016326530612244907
21 22 0.014512471655328801
22 22 0.023219954648526081
23 22 0.007981859410430836
24 22 0.0032653061224489801
27 22 0.0001133786848072562
28 22 0.0010204081632653064
29 22 0.0090702947845804991
30 22 0.014512471655328792
31 22 0.0049886621315192716
32 22 0.0020408163265306116
35 22 1.2755102040816322e-05
36 22 0.00011479591836734693
37 22 0.0010204081632653056
38 22 0.0016326530612244899
39 22 0.00056122448979591837
40 22 0.00022959183673469376
43 22 1.4172335600907028e-06
44 22 1.2755102040816327e-05
45 22 0.00011337868480725621
46 22 0.00018140589569160982
47 22 6.235827664399092e-05
48 22 2.5510204081632647e-05
5 23 0.00020408163265306123
6 23 0.001122448979591837
7 23 0.0012244897959183671
8 23 0.001020408163265306
13 23 0.00049886621315192747
14 23 0.0027437641723356012
15 23 0.0029931972789115644
16 23 0.0024943310657596371
21 23 0.0014512471655328803
22 23 0.007981859410430836
23 23 0.0087074829931972769
24 23 0.0072562358276643977
29 23 0.00090702947845804961
30 23 0.0049886621315192708
31 23 0.0054421768707482946
32 23 0.0045351473922902487
37 23 0.00010204081632653059
38 23 0.00056122448979591837
39 23 0.00061224489795918343
40 23 0.00051020408163265278
45 23 1.1337868480725619e-05
46 23 6.2358276643990906e-05
47 23 6.802721088435374e-05
48 23 5.6689342403628107e-05
5 24 5.1020408163265288e-05
6 24 0.00045918367346938751
7 24 0.001020408163265306
8 24 0.002040816326530612
13 24 0.00012471655328798189
14 24 0.001122448979591837
15 24 0.0024943310657596371
16 24 0.0049886621315192725
21 24 0.00036281179138322007
22 24 0.0032653061224489801
23 24 0.0072562358276643977
24 24 0.01451247165532879
29 24 0.00022675736961451237
30 24 0.0020408163265306116
31 24 0.0045351473922902478
32 24 0.0090702947845804939
37 24 2.5510204081632644e-05
38 24 0.00022959183673469376
39 24 0.00051020408163265289
40 24 0.001020408163265306
45 24 2.8344671201814043e-06
46 24 2.5510204081632647e-05
47 24 5.6689342403628114e-05
48 24 0.0001133786848072562
1 25 0.00022675736961451243
2 25 0.00011337868480725626
3 25 5.1020408163265308e-05
4 25 5.6689342403628128e-06
9 25 0.00090702947845804982
10 25 0.00045351473922902486
11 25 0.00020408163265306123
12 25 2.2675736961451251e-05
17 25 0.0090702947845804922
18 25 0.0045351473922902478
19 25 0.0020408163265306116
20 25 0.00022675736961451243
25 25 0.014512471655328789
26 25 0.0072562358276643986
27 25 0.0032653061224489806
28 25 0.00036281179138321991
33 25 0.0060090702947845761
34 25 0.0030045351473922907
35 25 0.0013520408163265314
36 25 0.0001502267573696145
41 25 0.0010204081632653062
42 25 0.000510204081632653
43 25 0.00022959183673469392
44 25 2.5510204081632664e-05
1 26 0.00011337868480725626
2 26 0.00013605442176870751
3 26 0.00012471655328798192
4 26 2.2675736961451254e-05
9 26 0.00045351473922902497
10 26 0.00054421768707482992
11 26 0.00049886621315192769
12 26 9.0702947845805004e-05
17 26 0.0045351473922902478
18 26 0.0054421768707482963
19 26 0.0049886621315192734
20 26 0.00090702947845804993
25 26 0.0072562358276643986
26 26 0.0087074829931972769
27 26 0.0079818594104308378
28 26 0.0014512471655328798
33 26 0.0030045351473922907
34 26 0.0036054421768707493
35 26 0.0033049886621315193
36 26 0.00060090702947845833
41 26 0.000510204081632653
42 26 0.00061224489795918375
43 26 0.0005612244897959187
44 26 0.00010204081632653064
1 27 5.1020408163265308e-05
2 27 0.00012471655328798192
3 27 0.00036281179138322023
4 27 0.00022675736961451243
5 27 2.5510204081632644e-05
6 27 2.8344671201814064e-06
9 27 0.00020408163265306123
10 27 0.00049886621315192769
11 27 0.0014512471655328805
12 27 0.00090702947845805004
13 27 0.00010204081632653058
14 27 1.1337868480725622e-05
17 27 0.0020408163265306116
18 27 0.0049886621315192734
19 27 0.014512471655328806
20 27 0.0090702947845804956
21 27 0.0010204081632653056
22 27 0.0001133786848072562
25 27 0.0032653061224489806
26 27 0.0079818594104308378
27 27 0.023219954648526091
28 27 0.014512471655328795
29 27 0.0016326530612244896
30 27 0.0001814058956916099
33 27 0.0013520408163265314
34 27 0.0033049886621315189
35 27 0.0096145124716553315
36 27 0.0060090702947845796
37 27 0.00067602040816326561
38 27 7.511337868480725e-05
41 27 0.00022959183673469392
42 27 0.0005612244897959187
43 27 0.0016326530612244907
44 27 0.001020408163265306
45 27 0.00011479591836734696
46 27 1.2755102040816329e-05
1 28 5.6689342403628128e-06
2 28 2.2675736961451254e-05
3 28 0.00022675736961451243
4 28 0.0003628117913832198
5 28 0.00015022675736961453
6 28 2.5510204081632664e-05
9 28 2.2675736961451251e-05
10 28 9.0702947845805004e-05
11 28 0.00090702947845805004
12 28 0.0014512471655328798
13 28 0.00060090702947845833
14 28 0.00010204081632653064
17 28 0.00022675736961451243
18 28 0.00090702947845804993
19 28 0.0090702947845804956
20 28 0.014512471655328792
21 28 0.0060090702947845813
22 28 0.0010204081632653064
25 28 0.00036281179138321991
26 28 0.0014512471655328798
27 28 0.014512471655328795
28 28 0.023219954648526064
29 28 0.0096145124716553263
30 28 0.0016326530612244901
33 28 0.0001502267573696145
34 28 0.00060090702947845822
35 28 0.0060090702947845796
36 28 0.0096145124716553298
37 28 0.0039810090702947862
38 28 0.00067602040816326571
41 28 2.5510204081632664e-05
42 28 0.00010204081632653064
43 28 0.001020408163265306
44 28 0.0016326530612244903
45 28 0.00067602040816326582
46 28 0.00011479591836734695
3 29 2.5510204081632644e-05
4 29 0.00015022675736961453
5 29 0.00036281179138322034
6 29 0.00022675736961451246
7 29 2.2675736961451244e-05
8 29 5.6689342403628111e-06
11 29 0.00010204081632653058
12 29 0.00060090702947845833
13 29 0.0014512471655328809
14 29 0.00090702947845805015
15 29 9.0702947845805018e-05
16 29 2.2675736961451244e-05
19 29 0.0010204081632653056
20 29 0.0060090702947845813
21 29 0.014512471655328811
22 29 0.0090702947845804974
23 29 0.00090702947845804961
24 29 0.00022675736961451237
27 29 0.0016326530612244899
28 29 0.0096145124716553246
29 29 0.023219954648526095
30 29 0.014512471655328799
31 29 0.0014512471655328792
32 29 0.00036281179138321975
35 29 0.0006760204081632655
36 29 0.0039810090702947862
37 29 0.009614512471655335
38 29 0.0060090702947845796
39 29 0.00060090702947845822
40 29 0.00015022675736961447
43 29 0.00011479591836734696
44 29 0.00067602040816326571
45 29 0.0016326530612244909
46 29 0.0010204081632653064
47 29 0.00010204081632653062
48 29 2.5510204081632651e-05
3 30 2.8344671201814064e-06
4 30 2.5510204081632664e-05
5 30 0.00022675736961451246
6 30 0.00036281179138321969
7 30 0.00012471655328798187
8 30 5.1020408163265308e-05
11 30 1.1337868480725622e-05
12 30 0.00010204081632653064
13 30 0.00090702947845805004
14 30 0.0014512471655328796
15 30 0.00049886621315192747
16 30 0.00020408163265306115
19 30 0.0001133786848072562
20 30 0.0010204081632653064
21 30 0.0090702947845804991
22 30 0.014512471655328792
23 30 0.0049886621315192708
24 30 0.0020408163265306116
27 30 0.0001814058956916099
28 30 0.0016326530612244901
29 30 0.014512471655328799
30 30 0.02321995464852606
31 30 0.0079818594104308378
32 30 0.0032653061224489788
35 30 7.511337868480725e-05
36 30 0.00067602040816326571
37 30 0.0060090702947845796
38 30 0.009614512471655328
39 30 0.0033049886621315198
40 30 0.0013520408163265308
43 30 1.2755102040816329e-05
44 30 0.00011479591836734693
45 30 0.0010204081632653064
46 30 0.0016326530612244899
47 30 0.00056122448979591848
48 30 0.00022959183673469378
5 31 2.2675736961451244e-05
6 31 0.00012471655328798187
7 31 0.00013605442176870751
8 31 0.00011337868480725623
13 31 9.0702947845805018e-05
14 31 0.00049886621315192747
15 31 0.0005442176870748297
16 31 0.00045351473922902497
21 31 0.00090702947845804972
22 31 0.0049886621315192716
23 31 0.0054421768707482946
24 31 0.0045351473922902487
29 31 0.0014512471655328792
30 31 0.0079818594104308378
31 31 0.0087074829931972735
32 31 0.0072562358276643986
37 31 0.00060090702947845822
38 31 0.0033049886621315193
39 31 0.003605442176870748
40 31 0.0030045351473922911
45 31 0.0001020408163265306
46 31 0.00056122448979591848
47 31 0.00061224489795918353
48 31 0.000510204081632653
5 32 5.6689342403628111e-06
6 32 5.1020408163265308e-05
7 32 0.00011337868480725623
8 32 0.00022675736961451243
13 32 2.2675736961451244e-05
14 32 0.00020408163265306115
15 32 0.00045351473922902497
16 32 0.00090702947845804982
21 32 0.00022675736961451237
22 32 0.0020408163265306116
23 32 0.0045351473922902487
24 32 0.0090702947845804939
29 32 0.00036281179138321969
30 32 0.0032653061224489788
31 32 0.0072562358276643977
32 32 0.01451247165532879
37 32 0.00015022675736961447
38 32 0.0013520408163265308
39 32 0.0030045351473922907
40 32 0.0060090702947845805
45 32 2.5510204081632654e-05
46 32 0.00022959183673469378
47 32 0.000510204081632653
48 32 0.001020408163265306
17 33 0.0010204081632653053
18 33 0.00051020408163265289
19 33 0.00022959183673469384
20 33 2.5510204081632647e-05
25 33 0.006009070294784577
26 33 0.0030045351473922907
27 33 0.0013520408163265314
28 33 0.0001502267573696145
33 33 0.014512471655328797
34 33 0.0072562358276643986
35 33 0.0032653061224489819
36 33 0.00036281179138322029
41 33 0.0090702947845804939
42 33 0.004535147392290247
43 33 0.002040816326530612
44 33 0.00022675736961451246
49 33 0.0009070294784580495
50 33 0.0004535147392290248
51 33 0.00020408163265306115
52 33 2.2675736961451244e-05
57 33 0.0002267573696145124
58 33 0.00011337868480725623
59 33 5.1020408163265294e-05
60 33 5.6689342403628102e-06
17 34 0.00051020408163265278
18 34 0.00061224489795918364
19 34 0.00056122448979591859
20 34 0.00010204081632653059
25 34 0.0030045351473922907
26 34 0.0036054421768707485
27 34 0.0033049886621315198
28 34 0.00060090702947845822
33 34 0.0072562358276643986
34 34 0.0087074829931972856
35 34 0.0079818594104308464
36 34 0.0014512471655328809
41 34 0.004535147392290247
42 34 0.0054421768707482998
43 34 0.0049886621315192751
44 34 0.00090702947845804993
49 34 0.00045351473922902491
50 34 0.00054421768707482992
51 34 0.00049886621315192769
52 34 9.0702947845805004e-05
57 34 0.00011337868480725623
58 34 0.00013605442176870745
59 34 0.00012471655328798187
60 34 2.2675736961451248e-05
17 35 0.00022959183673469384
18 35 0.00056122448979591859
19 35 0.0016326530612244901
20 35 0.0010204081632653058
21 35 0.00011479591836734689
22 35 1.2755102040816322e-05
25 35 0.0013520408163265314
26 35 0.0033049886621315198
27 35 0.0096145124716553333
28 35 0.0060090702947845796
29 35 0.00067602040816326561
30 35 7.5113378684807237e-05
33 35 0.0032653061224489819
34 35 0.0079818594104308464
35 35 0.023219954648526116
36 35 0.014512471655328806
37 35 0.0016326530612244905
38 35 0.00018140589569161006
41 35 0.002040816326530612
42 35 0.0049886621315192751
43 35 0.014512471655328804
44 35 0.0090702947845804974
45 35 0.0010204081632653056
46 35 0.00011337868480725619
49 35 0.00020408163265306115
50 35 0.00049886621315192769
51 35 0.0014512471655328801
52 35 0.00090702947845804993
53 35 0.00010204081632653056
54 35 1.1337868480725619e-05
57 35 5.1020408163265301e-05
58 35 0.00012471655328798187
59 35 0.00036281179138322018
60 35 0.0002267573696145124
61 35 2.551020408163264e-05
62 35 2.8344671201814043e-06
17 36 2.5510204081632647e-05
18 36 0.00010204081632653059
19 36 0.0010204081632653056
20 36 0.0016326530612244899
21 36 0.00067602040816326571
22 36 0.00011479591836734693
25 36 0.00015022675736961453
26 36 0.00060090702947845822
27 36 0.0060090702947845796
28 36 0.0096145124716553298
29 36 0.0039810090702947862
30 36 0.00067602040816326571
33 36 0.00036281179138322029
34 36 0.0014512471655328809
35 36 0.014512471655328809
36 36 0.023219954648526085
37 36 0.009614512471655335
38 36 0.0016326530612244909
41 36 0.00022675736961451246
42 36 0.00090702947845804982
43 36 0.0090702947845804974
44 36 0.014512471655328795
45 36 0.0060090702947845805
46 36 0.0010204081632653066
49 36 2.2675736961451244e-05
50 36 9.0702947845805004e-05
51 36 0.00090702947845804982
52 36 0.0014512471655328794
53 36 0.00060090702947845811
54 36 0.00010204081632653062
57 36 5.6689342403628102e-06
58 36 2.2675736961451244e-05
59 36 0.0002267573696145124
60 36 0.00036281179138321969
61 36 0.00015022675736961447
62 36 2.5510204081632651e-05
19 37 0.00011479591836734689
20 37 0.00067602040816326571
21 37 0.0016326530612244903
22 37 0.0010204081632653056
23 37 0.00010204081632653058
24 37 2.5510204081632644e-05
27 37 0.00067602040816326561
28 37 0.0039810090702947862
29 37 0.009614512471655335
30 37 0.0060090702947845796
31 37 0.00060090702947845822
32 37 0.00015022675736961445
35 37 0.0016326530612244907
36 37 0.009614512471655335
37 37 0.023219954648526119
38 37 0.014512471655328809
39 37 0.0014512471655328807
40 37 0.00036281179138322012
43 37 0.0010204081632653056
44 37 0.0060090702947845805
45 37 0.014512471655328809
46 37 0.0090702947845805008
47 37 0.00090702947845804982
48 37 0.00022675736961451235
51 37 0.00010204081632653058
52 37 0.00060090702947845811
53 37 0.0014512471655328807
54 37 0.00090702947845804993
55 37 9.0702947845804991e-05
56 37 2.2675736961451237e-05
59 37 2.5510204081632644e-05
60 37 0.00015022675736961447
61 37 0.00036281179138322018
62 37 0.0002267573696145124
63 37 2.2675736961451237e-05
64 37 5.6689342403628085e-06
19 38 1.2755102040816324e-05
20 38 0.00011479591836734691
21 38 0.0010204081632653056
22 38 0.0016326530612244899
23 38 0.00056122448979591837
24 38 0.00022959183673469376
27 38 7.511337868480725e-05
28 38 0.00067602040816326571
29 38 0.0060090702947845796
30 38 0.009614512471655328
31 38 0.0033049886621315193
32 38 0.0013520408163265306
35 38 0.00018140589569161006
36 38 0.0016326530612244909
37 38 0.014512471655328809
38 38 0.023219954648526085
39 38 0.0079818594104308395
40 38 0.0032653061224489806
43 38 0.00011337868480725621
44 38 0.0010204081632653066
45 38 0.0090702947845804991
46 38 0.014512471655328795
47 38 0.0049886621315192734
48 38 0.0020408163265306124
51 38 1.1337868480725619e-05
52 38 0.00010204081632653063
53 38 0.00090702947845804993
54 38 0.0014512471655328794
55 38 0.00049886621315192747
56 38 0.00020408163265306112
59 38 2.8344671201814043e-06
60 38 2.5510204081632654e-05
61 38 0.0002267573696145124
62 38 0.00036281179138321964
63 38 0.00012471655328798181
64 38 5.1020408163265281e-05
21 39 0.00010204081632653058
22 39 0.00056122448979591837
23 39 0.00061224489795918332
24 39 0.00051020408163265289
29 39 0.00060090702947845822
30 39 0.0033049886621315198
31 39 0.0036054421768707476
32 39 0.0030045351473922907
37 39 0.0014512471655328807
38 39 0.0079818594104308395
39 39 0.0087074829931972804
40 39 0.0072562358276644003
45 39 0.00090702947845804982
46 39 0.0049886621315192725
47 39 0.0054421768707482989
48 39 0.0045351473922902487
53 39 9.0702947845804991e-05
54 39 0.00049886621315192736
55 39 0.00054421768707482948
56 39 0.00045351473922902486
61 39 2.2675736961451237e-05
62 39 0.00012471655328798181
63 39 0.00013605442176870745
64 39 0.00011337868480725621
21 40 2.5510204081632644e-05
22 40 0.00022959183673469376
23 40 0.00051020408163265289
24 40 0.0010204081632653058
29 40 0.00015022675736961445
30 40 0.0013520408163265306
31 40 0.0030045351473922907
32 40 0.0060090702947845805
37 40 0.00036281179138322012
38 40 0.0032653061224489806
39 40 0.0072562358276643995
40 40 0.014512471655328795
45 40 0.00022675736961451235
46 40 0.0020408163265306124
47 40 0.0045351473922902487
48 40 0.0090702947845804974
53 40 2.2675736961451237e-05
54 40 0.00020408163265306112
55 40 0.00045351473922902486
56 40 0.0009070294784580495
61 40 5.6689342403628085e-06
62 40 5.1020408163265274e-05
63 40 0.0001133786848072562
64 40 0.0002267573696145124
17 41 0.00011337868480725621
18 41 5.6689342403628128e-05
19 41 2.5510204081632651e-05
20 41 2.8344671201814064e-06
25 41 0.0010204081632653062
26 41 0.000510204081632653
27 41 0.00022959183673469397
28 41 2.5510204081632664e-05
33 41 0.0090702947845804922
34 41 0.004535147392290247
35 41 0.002040816326530612
36 41 0.00022675736961451246
41 41 0.014512471655328787
42 41 0.0072562358276643969
43 41 0.0032653061224489801
44 41 0.0003628117913832198
49 41 0.0049886621315192699
50 41 0.0024943310657596363
51 41 0.001122448979591837
52 41 0.00012471655328798184
57 41 0.0020408163265306107
58 41 0.0010204081632653056
59 41 0.00045918367346938768
60 41 5.1020408163265301e-05
17 42 5.6689342403628128e-05
18 42 6.802721088435374e-05
19 42 6.2358276643990947e-05
20 42 1.1337868480725626e-05
25 42 0.000510204081632653
26 42 0.00061224489795918375
27 42 0.0005612244897959187
28 42 0.00010204081632653064
33 42 0.004535147392290247
34 42 0.0054421768707482998
35 42 0.004988662131519276
36 42 0.00090702947845804993
41 42 0.0072562358276643969
42 42 0.0087074829931972752
43 42 0.007981859410430836
44 42 0.0014512471655328796
49 42 0.0024943310657596363
50 42 0.0029931972789115648
51 42 0.0027437641723356012
52 42 0.00049886621315192747
57 42 0.0010204081632653056
58 42 0.0012244897959183673
59 42 0.001122448979591837
60 42 0.00020408163265306118
17 43 2.5510204081632651e-05
18 43 6.2358276643990947e-05
19 43 0.00018140589569161009
20 43 0.00011337868480725621
21 43 1.2755102040816322e-05
22 43 1.4172335600907028e-06
25 43 0.00022959183673469397
26 43 0.0005612244897959187
27 43 0.0016326530612244907
28 43 0.0010204081632653062
29 43 0.00011479591836734696
30 43 1.275510204081633e-05
33 43 0.002040816326530612
34 43 0.0049886621315192751
35 43 0.014512471655328804
36 43 0.0090702947845804974
37 43 0.0010204081632653056
38 43 0.00011337868480725617
41 43 0.0032653061224489801
42 43 0.007981859410430836
43 43 0.023219954648526088
44 43 0.014512471655328795
45 43 0.0016326530612244896
46 43 0.0001814058956916099
49 43 0.001122448979591837
50 43 0.0027437641723356012
51 43 0.007981859410430836
52 43 0.0049886621315192708
53 43 0.00056122448979591837
54 43 6.2358276643990906e-05
57 43 0.00045918367346938768
58 43 0.001122448979591837
59 43 0.0032653061224489801
60 43 0.0020408163265306116
61 43 0.00022959183673469378
62 43 2.5510204081632647e-05
17 44 2.8344671201814064e-06
18 44 1.1337868480725624e-05
19 44 0.0001133786848072562
20 44 0.00018140589569160987
21 44 7.511337868480725e-05
22 44 1.275510204081633e-05
25 44 2.5510204081632664e-05
26 44 0.00010204081632653066
27 44 0.0010204081632653062
28 44 0.0016326530612244903
29 44 0.00067602040816326571
30 44 0.00011479591836734695
33 44 0.00022675736961451246
34 44 0.00090702947845804993
35 44 0.0090702947845804974
36 44 0.014512471655328797
37 44 0.0060090702947845796
38 44 0.0010204081632653066
41 44 0.0003628117913832198
42 44 0.0014512471655328794
43 44 0.014512471655328795
44 44 0.023219954648526057
45 44 0.0096145124716553263
46 44 0.0016326530612244896
49 44 0.00012471655328798184
50 44 0.00049886621315192747
51 44 0.0049886621315192708
52 44 0.0079818594104308395
53 44 0.0033049886621315189
54 44 0.00056122448979591848
57 44 5.1020408163265301e-05
58 44 0.00020408163265306118
59 44 0.0020408163265306116
60 44 0.0032653061224489793
61 44 0.001352040816326531
62 44 0.00022959183673469384
19 45 1.2755102040816322e-05
20 45 7.511337868480725e-05
21 45 0.00018140589569161012
22 45 0.00011337868480725621
23 45 1.1337868480725619e-05
24 45 2.8344671201814043e-06
27 45 0.00011479591836734696
28 45 0.00067602040816326571
29 45 0.0016326530612244914
30 45 0.0010204081632653064
31 45 0.00010204081632653062
32 45 2.5510204081632651e-05
35 45 0.0010204081632653056
36 45 0.0060090702947845805
37 45 0.014512471655328809
38 45 0.0090702947845804991
39 45 0.00090702947845804982
40 45 0.00022675736961451235
43 45 0.0016326530612244896
44 45 0.0096145124716553263
45 45 0.023219954648526091
46 45 0.014512471655328799
47 45 0.001451247165532879
48 45 0.00036281179138321975
51 45 0.00056122448979591837
52 45 0.0033049886621315189
53 45 0.0079818594104308378
54 45 0.0049886621315192734
55 45 0.00049886621315192747
56 45 0.00012471655328798181
59 45 0.00022959183673469378
60 45 0.001352040816326531
61 45 0.0032653061224489806
62 45 0.0020408163265306116
63 45 0.00020408163265306115
64 45 5.1020408163265288e-05
19 46 1.4172335600907028e-06
20 46 1.275510204081633e-05
21 46 0.00011337868480725621
22 46 0.00018140589569160982
23 46 6.235827664399092e-05
24 46 2.5510204081632647e-05
27 46 1.2755102040816329e-05
28 46 0.00011479591836734695
29 46 0.0010204081632653064
30 46 0.0016326530612244901
31 46 0.00056122448979591848
32 46 0.00022959183673469378
35 46 0.00011337868480725617
36 46 0.0010204081632653066
37 46 0.0090702947845805008
38 46 0.014512471655328797
39 46 0.0049886621315192725
40 46 0.002040816326530612
43 46 0.00018140589569160987
44 46 0.0016326530612244896
45 46 0.014512471655328799
46 46 0.023219954648526057
47 46 0.007981859410430836
48 46 0.0032653061224489775
51 46 6.2358276643990906e-05
52 46 0.00056122448979591848
53 46 0.0049886621315192734
54 46 0.0079818594104308378
55 46 0.0027437641723356003
56 46 0.0011224489795918365
59 46 2.5510204081632644e-05
60 46 0.00022959183673469378
61 46 0.0020408163265306116
62 46 0.0032653061224489784
63 46 0.0011224489795918365
64 46 0.00045918367346938746
21 47 1.1337868480725619e-05
22 47 6.235827664399092e-05
23 47 6.8027210884353726e-05
24 47 5.6689342403628114e-05
29 47 0.00010204081632653062
30 47 0.00056122448979591848
31 47 0.00061224489795918353
32 47 0.000510204081632653
37 47 0.00090702947845804982
38 47 0.0049886621315192725
39 47 0.0054421768707482989
40 47 0.0045351473922902487
45 47 0.001451247165532879
46 47 0.0079818594104308378
47 47 0.00870748299319727
48 47 0.007256235827664396
53 47 0.00049886621315192747
54 47 0.0027437641723356003
55 47 0.0029931972789115631
56 47 0.0024943310657596363
61 47 0.00020408163265306115
62 47 0.0011224489795918365
63 47 0.0012244897959183664
64 47 0.0010204081632653056
21 48 2.8344671201814043e-06
22 48 2.551020408163264e-05
23 48 5.6689342403628114e-05
24 48 0.0001133786848072562
29 48 2.5510204081632654e-05
30 48 0.00022959183673469381
31 48 0.000510204081632653
32 48 0.001020408163265306
37 48 0.00022675736961451235
38 48 0.002040816326530612
39 48 0.0045351473922902487
40 48 0.0090702947845804974
45 48 0.00036281179138321969
46 48 0.0032653061224489775
47 48 0.0072562358276643969
48 48 0.014512471655328787
53 48 0.00012471655328798181
54 48 0.0011224489795918365
55 48 0.0024943310657596363
56 48 0.0049886621315192725
61 48 5.1020408163265281e-05
62 48 0.00045918367346938735
63 48 0.0010204081632653056
64 48 0.0020408163265306111
33 49 0.0009070294784580495
34 49 0.0004535147392290248
35 49 0.0002040816326530612
36 49 2.2675736961451244e-05
41 49 0.004988662131519269
42 49 0.0024943310657596358
43 49 0.001122448979591837
44 49 0.00012471655328798184
49 49 0.0054421768707482963
50 49 0.0027210884353741486
51 49 0.0012244897959183669
52 49 0.00013605442176870748
57 49 0.0045351473922902487
58 49 0.0022675736961451239
59 49 0.0010204081632653058
60 49 0.00011337868480725623
33 50 0.0004535147392290248
34 50 0.00054421768707482992
35 50 0.00049886621315192769
36 50 9.0702947845805004e-05
41 50 0.0024943310657596358
42 50 0.0029931972789115644
43 50 0.0027437641723356012
44 50 0.00049886621315192747
49 50 0.0027210884353741486
50 50 0.0032653061224489788
51 50 0.0029931972789115644
52 50 0.0005442176870748297
57 50 0.0022675736961451239
58 50 0.002721088435374149
59 50 0.0024943310657596367
60 50 0.00045351473922902491
33 51 0.00020408163265306115
34 51 0.00049886621315192769
35 51 0.0014512471655328801
36 51 0.00090702947845804972
37 51 0.00010204081632653058
38 51 1.1337868480725619e-05
41 51 0.001122448979591837
42 51 0.0027437641723356012
43 51 0.007981859410430836
44 51 0.0049886621315192716
45 51 0.00056122448979591837
46 51 6.2358276643990906e-05
49 51 0.0012244897959183669
50 51 0.0029931972789115644
51 51 0.0087074829931972804
52 51 0.0054421768707482955
53 51 0.00061224489795918332
54 51 6.802721088435374e-05
57 51 0.0010204081632653058
58 51 0.0024943310657596367
59 51 0.0072562358276643969
60 51 0.0045351473922902478
61 51 0.00051020408163265289
62 51 5.6689342403628107e-05
33 52 2.2675736961451244e-05
34 52 9.0702947845805004e-05
35 52 0.00090702947845804982
36 52 0.0014512471655328796
37 52 0.00060090702947845811
38 52 0.00010204081632653062
41 52 0.00012471655328798184
42 52 0.00049886621315192747
43 52 0.0049886621315192716
44 52 0.0079818594104308395
45 52 0.0033049886621315189
46 52 0.00056122448979591848
49 52 0.00013605442176870751
50 52 0.0005442176870748297
51 52 0.0054421768707482955
52 52 0.0087074829931972735
53 52 0.0036054421768707476
54 52 0.00061224489795918364
57 52 0.00011337868480725623
58 52 0.00045351473922902491
59 52 0.0045351473922902487
60 52 0.0072562358276643986
61 52 0.0030045351473922911
62 52 0.00051020408163265311
35 53 0.00010204081632653056
36 53 0.00060090702947845811
37 53 0.0014512471655328807
38 53 0.00090702947845804993
39 53 9.0702947845804991e-05
40 53 2.2675736961451237e-05
43 53 0.00056122448979591837
44 53 0.0033049886621315193
45 53 0.007981859410430836
46 53 0.0049886621315192734
47 53 0.00049886621315192747
48 53 0.00012471655328798181
51 53 0.00061224489795918321
52 53 0.003605442176870748
53 53 0.0087074829931972839
54 53 0.0054421768707482981
55 53 0.00054421768707482959
56 53 0.00013605442176870748
59 53 0.00051020408163265289
60 53 0.0030045351473922911
61 53 0.0072562358276644003
62 53 0.0045351473922902478
63 53 0.00045351473922902486
64 53 0.00011337868480725621
35 54 1.1337868480725619e-05
36 54 0.00010204081632653062
37 54 0.00090702947845804993
38 54 0.0014512471655328796
39 54 0.00049886621315192736
40 54 0.00020408163265306112
43 54 6.2358276643990906e-05
44 54 0.00056122448979591848
45 54 0.0049886621315192734
46 54 0.0079818594104308378
47 54 0.0027437641723356003
48 54 0.0011224489795918363
51 54 6.802721088435374e-05
52 54 0.00061224489795918364
53 54 0.0054421768707482981
54 54 0.0087074829931972717
55 54 0.0029931972789115635
56 54 0.0012244897959183666
59 54 5.6689342403628107e-05
60 54 0.00051020408163265311
61 54 0.0045351473922902478
62 54 0.0072562358276643977
63 54 0.0024943310657596367
64 54 0.0010204081632653058
37 55 9.0702947845804991e-05
38 55 0.00049886621315192747
39 55 0.00054421768707482959
40 55 0.00045351473922902486
45 55 0.00049886621315192747
46 55 0.0027437641723356003
47 55 0.0029931972789115631
48 55 0.0024943310657596363
53 55 0.00054421768707482959
54 55 0.0029931972789115635
55 55 0.0032653061224489775
56 55 0.0027210884353741486
61 55 0.00045351473922902486
62 55 0.0024943310657596367
63 55 0.0027210884353741486
64 55 0.0022675736961451235
37 56 2.2675736961451237e-05
38 56 0.00020408163265306112
39 56 0.00045351473922902486
40 56 0.00090702947845804939
45 56 0.00012471655328798181
46 56 0.0011224489795918363
47 56 0.0024943310657596363
48 56 0.0049886621315192716
53 56 0.00013605442176870748
54 56 0.0012244897959183666
55 56 0.0027210884353741482
56 56 0.0054421768707482955
61 56 0.00011337868480725621
62 56 0.001020408163265306
63 56 0.0022675736961451235
64 56 0.004535147392290247
33 57 0.0002267573696145124
34 57 0.00011337868480725624
35 57 5.1020408163265301e-05
36 57 5.6689342403628102e-06
41 57 0.0020408163265306103
42 57 0.0010204081632653056
43 57 0.00045918367346938768
44 57 5.1020408163265301e-05
49 57 0.0045351473922902487
50 57 0.0022675736961451239
51 57 0.0010204081632653058
52 57 0.00011337868480725623
57 57 0.0090702947845804939
58 57 0.0045351473922902487
59 57 0.0020408163265306124
60 57 0.00022675736961451243
33 58 0.00011337868480725624
34 58 0.00013605442176870748
35 58 0.00012471655328798189
36 58 2.2675736961451244e-05
41 58 0.0010204081632653056
42 58 0.0012244897959183673
43 58 0.001122448979591837
44 58 0.00020408163265306115
49 58 0.0022675736961451239
50 58 0.002721088435374149
51 58 0.0024943310657596371
52 58 0.00045351473922902497
57 58 0.0045351473922902487
58 58 0.0054421768707482981
59 58 0.0049886621315192742
60 58 0.00090702947845804982
33 59 5.1020408163265288e-05
34 59 0.00012471655328798187
35 59 0.00036281179138322018
36 59 0.0002267573696145124
37 59 2.5510204081632644e-05
38 59 2.8344671201814047e-06
41 59 0.00045918367346938768
42 59 0.0011224489795918367
43 59 0.0032653061224489801
44 59 0.0020408163265306116
45 59 0.00022959183673469378
46 59 2.5510204081632644e-05
49 59 0.0010204081632653058
50 59 0.0024943310657596367
51 59 0.0072562358276643951
52 59 0.0045351473922902487
53 59 0.00051020408163265289
54 59 5.6689342403628114e-05
57 59 0.0020408163265306124
58 59 0.0049886621315192734
59 59 0.01451247165532879
60 59 0.0090702947845804904
61 59 0.0010204081632653058
62 59 0.00011337868480725619
33 60 5.6689342403628102e-06
34 60 2.2675736961451248e-05
35 60 0.0002267573696145124
36 60 0.00036281179138321969
37 60 0.0001502267573696145
38 60 2.5510204081632647e-05
41 60 5.1020408163265301e-05
42 60 0.00020408163265306118
43 60 0.0020408163265306116
44 60 0.0032653061224489793
45 60 0.001352040816326531
46 60 0.00022959183673469378
49 60 0.00011337868480725623
50 60 0.00045351473922902497
51 60 0.0045351473922902487
52 60 0.0072562358276643986
53 60 0.0030045351473922902
54 60 0.00051020408163265311
57 60 0.00022675736961451243
58 60 0.00090702947845804982
59 60 0.0090702947845804904
60 60 0.014512471655328792
61 60 0.0060090702947845787
62 60 0.001020408163265306
35 61 2.551020408163264e-05
36 61 0.0001502267573696145
37 61 0.00036281179138322023
38 61 0.00022675736961451237
39 61 2.2675736961451234e-05
40 61 5.6689342403628085e-06
43 61 0.00022959183673469376
44 61 0.001352040816326531
45 61 0.0032653061224489801
46 61 0.0020408163265306116
47 61 0.00020408163265306115
48 61 5.1020408163265281e-05
51 61 0.00051020408163265289
52 61 0.0030045351473922902
53 61 0.0072562358276643995
54 61 0.0045351473922902487
55 61 0.00045351473922902486
56 61 0.00011337868480725623
59 61 0.0010204081632653058
60 61 0.0060090702947845787
61 61 0.014512471655328795
62 61 0.0090702947845804939
63 61 0.0009070294784580495
64 61 0.00022675736961451235
35 62 2.8344671201814047e-06
36 62 2.5510204081632654e-05
37 62 0.00022675736961451243
38 62 0.00036281179138321964
39 62 0.00012471655328798184
40 62 5.1020408163265281e-05
43 62 2.5510204081632644e-05
44 62 0.00022959183673469384
45 62 0.0020408163265306116
46 62 0.0032653061224489788
47 62 0.0011224489795918365
48 62 0.00045918367346938746
51 62 5.6689342403628114e-05
52 62 0.00051020408163265311
53 62 0.0045351473922902487
54 62 0.0072562358276643969
55 62 0.0024943310657596367
56 62 0.0010204081632653058
59 62 0.00011337868480725619
60 62 0.001020408163265306
61 62 0.0090702947845804922
62 62 0.014512471655328787
63 62 0.0049886621315192708
64 62 0.0020408163265306111
37 63 2.2675736961451234e-05
38 63 0.00012471655328798181
39 63 0.00013605442176870745
40 63 0.00011337868480725621
45 63 0.00020408163265306115
46 63 0.0011224489795918363
47 63 0.0012244897959183664
48 63 0.0010204081632653056
53 63 0.00045351473922902475
54 63 0.0024943310657596367
55 63 0.0027210884353741486
56 63 0.0022675736961451243
61 63 0.0009070294784580495
62 63 0.0049886621315192699
63 63 0.0054421768707482946
64 63 0.004535147392290247
37 64 5.6689342403628085e-06
38 64 5.1020408163265274e-05
39 64 0.0001133786848072562
40 64 0.00022675736961451237
45 64 5.1020408163265281e-05
46 64 0.00045918367346938746
47 64 0.0010204081632653056
48 64 0.0020408163265306111
53 64 0.00011337868480725623
54 64 0.0010204081632653058
55 64 0.0022675736961451239
56 64 0.0045351473922902461
61 64 0.00022675736961451235
62 64 0.0020408163265306111
63 64 0.004535147392290247
64 64 0.0090702947845804922


