# Created by Octave 5.2.0, Sat Oct 09 22:21:11 2021 CEST <omen@omen-linux>
# name: ans
# type: sparse matrix
# nnz: 625
# rows: 49
# columns: 49
1 1 0.01777777777777776
2 1 0.0088888888888888889
3 1 0.0029629629629629624
8 1 0.0088888888888888871
9 1 0.0044444444444444453
10 1 0.0014814814814814814
15 1 0.0029629629629629624
16 1 0.0014814814814814812
17 1 0.00049382716049382717
1 2 0.0088888888888888889
2 2 0.01185185185185185
3 2 0.0088888888888888854
8 2 0.0044444444444444453
9 2 0.0059259259259259256
10 2 0.0044444444444444453
15 2 0.001481481481481481
16 2 0.0019753086419753087
17 2 0.0014814814814814816
1 3 0.0029629629629629624
2 3 0.0088888888888888854
3 3 0.035555555555555542
4 3 0.0088888888888888854
5 3 0.0029629629629629624
8 3 0.0014814814814814814
9 3 0.0044444444444444453
10 3 0.017777777777777771
11 3 0.0044444444444444444
12 3 0.0014814814814814812
15 3 0.00049382716049382717
16 3 0.0014814814814814816
17 3 0.0059259259259259222
18 3 0.0014814814814814805
19 3 0.00049382716049382717
3 4 0.0088888888888888854
4 4 0.01185185185185185
5 4 0.0088888888888888889
10 4 0.0044444444444444444
11 4 0.0059259259259259248
12 4 0.0044444444444444453
17 4 0.0014814814814814805
18 4 0.0019753086419753087
19 4 0.0014814814814814818
3 5 0.0029629629629629624
4 5 0.0088888888888888871
5 5 0.035555555555555562
6 5 0.0088888888888888837
7 5 0.0029629629629629619
10 5 0.0014814814814814812
11 5 0.0044444444444444462
12 5 0.017777777777777781
13 5 0.0044444444444444436
14 5 0.001481481481481481
17 5 0.00049382716049382717
18 5 0.0014814814814814818
19 5 0.0059259259259259265
20 5 0.0014814814814814805
21 5 0.00049382716049382706
5 6 0.0088888888888888837
6 6 0.011851851851851846
7 6 0.0088888888888888854
12 6 0.0044444444444444444
13 6 0.0059259259259259239
14 6 0.0044444444444444436
19 6 0.0014814814814814805
20 6 0.0019753086419753083
21 6 0.001481481481481481
5 7 0.0029629629629629615
6 7 0.0088888888888888837
7 7 0.017777777777777767
12 7 0.001481481481481481
13 7 0.0044444444444444436
14 7 0.0088888888888888871
19 7 0.00049382716049382706
20 7 0.001481481481481481
21 7 0.0029629629629629624
1 8 0.0088888888888888871
2 8 0.0044444444444444453
3 8 0.0014814814814814812
8 8 0.01185185185185185
9 8 0.0059259259259259248
10 8 0.0019753086419753087
15 8 0.0088888888888888871
16 8 0.0044444444444444453
17 8 0.0014814814814814814
1 9 0.0044444444444444453
2 9 0.0059259259259259248
3 9 0.0044444444444444453
8 9 0.0059259259259259248
9 9 0.0079012345679012348
10 9 0.0059259259259259265
15 9 0.0044444444444444453
16 9 0.0059259259259259256
17 9 0.0044444444444444453
1 10 0.0014814814814814812
2 10 0.0044444444444444453
3 10 0.017777777777777771
4 10 0.0044444444444444444
5 10 0.0014814814814814812
8 10 0.0019753086419753087
9 10 0.0059259259259259265
10 10 0.023703703703703689
11 10 0.0059259259259259222
12 10 0.0019753086419753087
15 10 0.0014814814814814814
16 10 0.0044444444444444453
17 10 0.017777777777777774
18 10 0.0044444444444444436
19 10 0.0014814814814814814
3 11 0.0044444444444444444
4 11 0.0059259259259259248
5 11 0.0044444444444444462
10 11 0.0059259259259259222
11 11 0.0079012345679012348
12 11 0.0059259259259259274
17 11 0.0044444444444444436
18 11 0.0059259259259259256
19 11 0.0044444444444444462
3 12 0.0014814814814814812
4 12 0.0044444444444444462
5 12 0.017777777777777781
6 12 0.0044444444444444444
7 12 0.001481481481481481
10 12 0.0019753086419753087
11 12 0.0059259259259259274
12 12 0.023703703703703706
13 12 0.0059259259259259222
14 12 0.0019753086419753083
17 12 0.0014814814814814814
18 12 0.0044444444444444462
19 12 0.017777777777777785
20 12 0.0044444444444444444
21 12 0.0014814814814814812
5 13 0.0044444444444444444
6 13 0.0059259259259259239
7 13 0.0044444444444444444
12 13 0.0059259259259259222
13 13 0.007901234567901233
14 13 0.0059259259259259248
19 13 0.0044444444444444444
20 13 0.0059259259259259239
21 13 0.0044444444444444444
5 14 0.001481481481481481
6 14 0.0044444444444444444
7 14 0.0088888888888888871
12 14 0.0019753086419753083
13 14 0.0059259259259259248
14 14 0.01185185185185185
19 14 0.0014814814814814812
20 14 0.0044444444444444444
21 14 0.0088888888888888854
1 15 0.0029629629629629624
2 15 0.0014814814814814812
3 15 0.00049382716049382717
8 15 0.0088888888888888871
9 15 0.0044444444444444453
10 15 0.0014814814814814814
15 15 0.035555555555555549
16 15 0.017777777777777771
17 15 0.0059259259259259239
22 15 0.0088888888888888854
23 15 0.0044444444444444444
24 15 0.0014814814814814808
29 15 0.0029629629629629624
30 15 0.0014814814814814812
31 15 0.00049382716049382717
1 16 0.001481481481481481
2 16 0.0019753086419753087
3 16 0.0014814814814814816
8 16 0.0044444444444444453
9 16 0.0059259259259259256
10 16 0.0044444444444444453
15 16 0.017777777777777771
16 16 0.023703703703703696
17 16 0.017777777777777781
22 16 0.0044444444444444444
23 16 0.005925925925925923
24 16 0.0044444444444444444
29 16 0.001481481481481481
30 16 0.0019753086419753087
31 16 0.0014814814814814814
1 17 0.00049382716049382717
2 17 0.0014814814814814816
3 17 0.0059259259259259222
4 17 0.0014814814814814805
5 17 0.00049382716049382717
8 17 0.0014814814814814814
9 17 0.0044444444444444453
10 17 0.017777777777777771
11 17 0.0044444444444444444
12 17 0.0014814814814814814
15 17 0.0059259259259259239
16 17 0.017777777777777778
17 17 0.071111111111111097
18 17 0.017777777777777767
19 17 0.0059259259259259239
22 17 0.0014814814814814808
23 17 0.0044444444444444444
24 17 0.017777777777777764
25 17 0.0044444444444444427
26 17 0.0014814814814814808
29 17 0.00049382716049382717
30 17 0.0014814814814814816
31 17 0.0059259259259259222
32 17 0.0014814814814814805
33 17 0.00049382716049382717
3 18 0.0014814814814814805
4 18 0.0019753086419753087
5 18 0.0014814814814814818
10 18 0.0044444444444444444
11 18 0.0059259259259259256
12 18 0.0044444444444444462
17 18 0.017777777777777767
18 18 0.023703703703703696
19 18 0.017777777777777781
24 18 0.0044444444444444427
25 18 0.005925925925925923
26 18 0.0044444444444444444
31 18 0.0014814814814814805
32 18 0.0019753086419753087
33 18 0.0014814814814814816
3 19 0.00049382716049382717
4 19 0.0014814814814814818
5 19 0.0059259259259259265
6 19 0.0014814814814814803
7 19 0.00049382716049382706
10 19 0.0014814814814814814
11 19 0.0044444444444444462
12 19 0.017777777777777785
13 19 0.0044444444444444444
14 19 0.001481481481481481
17 19 0.0059259259259259239
18 19 0.017777777777777778
19 19 0.071111111111111125
20 19 0.017777777777777764
21 19 0.0059259259259259239
24 19 0.0014814814814814808
25 19 0.0044444444444444453
26 19 0.017777777777777774
27 19 0.0044444444444444427
28 19 0.0014814814814814808
31 19 0.00049382716049382717
32 19 0.0014814814814814818
33 19 0.0059259259259259265
34 19 0.0014814814814814803
35 19 0.00049382716049382706
5 20 0.0014814814814814803
6 20 0.0019753086419753083
7 20 0.0014814814814814812
12 20 0.0044444444444444444
13 20 0.0059259259259259239
14 20 0.0044444444444444444
19 20 0.017777777777777764
20 20 0.023703703703703692
21 20 0.017777777777777774
26 20 0.0044444444444444427
27 20 0.005925925925925923
28 20 0.0044444444444444436
33 20 0.0014814814814814805
34 20 0.0019753086419753083
35 20 0.001481481481481481
5 21 0.00049382716049382706
6 21 0.0014814814814814812
7 21 0.0029629629629629628
12 21 0.0014814814814814812
13 21 0.0044444444444444444
14 21 0.0088888888888888854
19 21 0.0059259259259259239
20 21 0.017777777777777771
21 21 0.035555555555555542
26 21 0.0014814814814814808
27 21 0.0044444444444444436
28 21 0.0088888888888888837
33 21 0.00049382716049382706
34 21 0.001481481481481481
35 21 0.0029629629629629628
15 22 0.0088888888888888837
16 22 0.0044444444444444444
17 22 0.0014814814814814808
22 22 0.01185185185185185
23 22 0.0059259259259259248
24 22 0.0019753086419753087
29 22 0.0088888888888888889
30 22 0.004444444444444447
31 22 0.0014814814814814814
15 23 0.0044444444444444444
16 23 0.005925925925925923
17 23 0.0044444444444444444
22 23 0.0059259259259259248
23 23 0.0079012345679012348
24 23 0.0059259259259259256
29 23 0.004444444444444447
30 23 0.0059259259259259265
31 23 0.0044444444444444453
15 24 0.0014814814814814808
16 24 0.0044444444444444444
17 24 0.017777777777777767
18 24 0.0044444444444444427
19 24 0.0014814814814814808
22 24 0.0019753086419753087
23 24 0.0059259259259259256
24 24 0.023703703703703689
25 24 0.0059259259259259222
26 24 0.0019753086419753087
29 24 0.0014814814814814816
30 24 0.0044444444444444453
31 24 0.017777777777777774
32 24 0.0044444444444444453
33 24 0.0014814814814814814
17 25 0.0044444444444444427
18 25 0.005925925925925923
19 25 0.0044444444444444453
24 25 0.0059259259259259222
25 25 0.0079012345679012348
26 25 0.0059259259259259274
31 25 0.0044444444444444453
32 25 0.0059259259259259256
33 25 0.0044444444444444462
17 26 0.0014814814814814808
18 26 0.0044444444444444453
19 26 0.017777777777777774
20 26 0.0044444444444444427
21 26 0.0014814814814814808
24 26 0.0019753086419753087
25 26 0.0059259259259259274
26 26 0.023703703703703706
27 26 0.0059259259259259222
28 26 0.0019753086419753083
31 26 0.0014814814814814814
32 26 0.0044444444444444462
33 26 0.017777777777777785
34 26 0.0044444444444444444
35 26 0.0014814814814814814
19 27 0.0044444444444444427
20 27 0.0059259259259259213
21 27 0.0044444444444444436
26 27 0.0059259259259259222
27 27 0.007901234567901233
28 27 0.0059259259259259248
33 27 0.0044444444444444444
34 27 0.0059259259259259256
35 27 0.0044444444444444444
19 28 0.0014814814814814808
20 28 0.0044444444444444436
21 28 0.0088888888888888837
26 28 0.0019753086419753083
27 28 0.0059259259259259248
28 28 0.01185185185185185
33 28 0.0014814814814814814
34 28 0.0044444444444444444
35 28 0.0088888888888888871
15 29 0.0029629629629629624
16 29 0.001481481481481481
17 29 0.00049382716049382717
22 29 0.0088888888888888889
23 29 0.0044444444444444462
24 29 0.0014814814814814816
29 29 0.035555555555555556
30 29 0.017777777777777778
31 29 0.0059259259259259265
36 29 0.0088888888888888837
37 29 0.0044444444444444436
38 29 0.0014814814814814808
43 29 0.0029629629629629619
44 29 0.001481481481481481
45 29 0.00049382716049382706
15 30 0.001481481481481481
16 30 0.0019753086419753087
17 30 0.0014814814814814816
22 30 0.0044444444444444462
23 30 0.0059259259259259265
24 30 0.0044444444444444453
29 30 0.017777777777777778
30 30 0.023703703703703706
31 30 0.017777777777777788
36 30 0.0044444444444444444
37 30 0.005925925925925923
38 30 0.0044444444444444427
43 30 0.001481481481481481
44 30 0.0019753086419753083
45 30 0.0014814814814814812
15 31 0.00049382716049382717
16 31 0.0014814814814814814
17 31 0.0059259259259259222
18 31 0.0014814814814814805
19 31 0.00049382716049382717
22 31 0.0014814814814814816
23 31 0.0044444444444444453
24 31 0.017777777777777774
25 31 0.0044444444444444453
26 31 0.0014814814814814816
29 31 0.0059259259259259265
30 31 0.017777777777777788
31 31 0.071111111111111125
32 31 0.017777777777777774
33 31 0.0059259259259259265
36 31 0.0014814814814814808
37 31 0.0044444444444444427
38 31 0.017777777777777764
39 31 0.0044444444444444427
40 31 0.0014814814814814808
43 31 0.00049382716049382706
44 31 0.0014814814814814814
45 31 0.0059259259259259213
46 31 0.0014814814814814801
47 31 0.00049382716049382706
17 32 0.0014814814814814805
18 32 0.0019753086419753087
19 32 0.0014814814814814818
24 32 0.0044444444444444453
25 32 0.0059259259259259265
26 32 0.0044444444444444462
31 32 0.017777777777777774
32 32 0.023703703703703706
33 32 0.017777777777777788
38 32 0.0044444444444444427
39 32 0.005925925925925923
40 32 0.0044444444444444436
45 32 0.0014814814814814801
46 32 0.0019753086419753083
47 32 0.0014814814814814814
17 33 0.00049382716049382717
18 33 0.0014814814814814818
19 33 0.0059259259259259265
20 33 0.0014814814814814803
21 33 0.00049382716049382706
24 33 0.0014814814814814816
25 33 0.0044444444444444462
26 33 0.017777777777777785
27 33 0.0044444444444444444
28 33 0.0014814814814814814
31 33 0.0059259259259259265
32 33 0.017777777777777788
33 33 0.071111111111111139
34 33 0.017777777777777767
35 33 0.0059259259259259265
38 33 0.0014814814814814808
39 33 0.0044444444444444436
40 33 0.017777777777777774
41 33 0.0044444444444444418
42 33 0.0014814814814814803
45 33 0.00049382716049382706
46 33 0.0014814814814814814
47 33 0.0059259259259259256
48 33 0.0014814814814814803
49 33 0.00049382716049382696
19 34 0.0014814814814814803
20 34 0.0019753086419753083
21 34 0.001481481481481481
26 34 0.0044444444444444444
27 34 0.0059259259259259248
28 34 0.0044444444444444444
33 34 0.017777777777777767
34 34 0.023703703703703703
35 34 0.017777777777777781
40 34 0.0044444444444444418
41 34 0.0059259259259259222
42 34 0.0044444444444444418
47 34 0.0014814814814814801
48 34 0.0019753086419753078
49 34 0.0014814814814814808
19 35 0.00049382716049382706
20 35 0.001481481481481481
21 35 0.0029629629629629619
26 35 0.0014814814814814814
27 35 0.0044444444444444444
28 35 0.0088888888888888871
33 35 0.0059259259259259265
34 35 0.017777777777777781
35 35 0.035555555555555549
40 35 0.0014814814814814805
41 35 0.0044444444444444418
42 35 0.0088888888888888837
47 35 0.00049382716049382696
48 35 0.0014814814814814808
49 35 0.0029629629629629619
29 36 0.0088888888888888854
30 36 0.0044444444444444436
31 36 0.0014814814814814808
36 36 0.011851851851851846
37 36 0.0059259259259259239
38 36 0.0019753086419753083
43 36 0.0088888888888888854
44 36 0.0044444444444444444
45 36 0.0014814814814814808
29 37 0.0044444444444444436
30 37 0.005925925925925923
31 37 0.0044444444444444427
36 37 0.0059259259259259239
37 37 0.007901234567901233
38 37 0.0059259259259259256
43 37 0.0044444444444444444
44 37 0.005925925925925923
45 37 0.0044444444444444436
29 38 0.0014814814814814808
30 38 0.0044444444444444427
31 38 0.017777777777777764
32 38 0.0044444444444444427
33 38 0.0014814814814814808
36 38 0.0019753086419753083
37 38 0.0059259259259259256
38 38 0.023703703703703685
39 38 0.0059259259259259204
40 38 0.0019753086419753083
43 38 0.0014814814814814808
44 38 0.0044444444444444436
45 38 0.017777777777777767
46 38 0.0044444444444444436
47 38 0.0014814814814814808
31 39 0.0044444444444444427
32 39 0.005925925925925923
33 39 0.0044444444444444436
38 39 0.0059259259259259204
39 39 0.007901234567901233
40 39 0.0059259259259259256
45 39 0.0044444444444444436
46 39 0.005925925925925923
47 39 0.0044444444444444444
31 40 0.0014814814814814808
32 40 0.0044444444444444436
33 40 0.017777777777777774
34 40 0.0044444444444444427
35 40 0.0014814814814814808
38 40 0.0019753086419753083
39 40 0.0059259259259259256
40 40 0.023703703703703699
41 40 0.0059259259259259213
42 40 0.0019753086419753078
45 40 0.0014814814814814808
46 40 0.0044444444444444444
47 40 0.017777777777777781
48 40 0.0044444444444444427
49 40 0.0014814814814814808
33 41 0.0044444444444444427
34 41 0.0059259259259259213
35 41 0.0044444444444444418
40 41 0.0059259259259259213
41 41 0.0079012345679012313
42 41 0.0059259259259259239
47 41 0.0044444444444444427
48 41 0.005925925925925923
49 41 0.0044444444444444427
33 42 0.0014814814814814805
34 42 0.0044444444444444418
35 42 0.0088888888888888854
40 42 0.0019753086419753078
41 42 0.0059259259259259239
42 42 0.011851851851851848
47 42 0.0014814814814814808
48 42 0.0044444444444444427
49 42 0.0088888888888888837
29 43 0.0029629629629629615
30 43 0.001481481481481481
31 43 0.00049382716049382706
36 43 0.0088888888888888854
37 43 0.0044444444444444444
38 43 0.0014814814814814808
43 43 0.017777777777777774
44 43 0.0088888888888888889
45 43 0.0029629629629629624
29 44 0.0014814814814814808
30 44 0.0019753086419753083
31 44 0.0014814814814814814
36 44 0.0044444444444444444
37 44 0.005925925925925923
38 44 0.0044444444444444436
43 44 0.0088888888888888889
44 44 0.011851851851851851
45 44 0.0088888888888888889
29 45 0.00049382716049382706
30 45 0.0014814814814814814
31 45 0.0059259259259259213
32 45 0.0014814814814814801
33 45 0.00049382716049382706
36 45 0.0014814814814814808
37 45 0.0044444444444444436
38 45 0.017777777777777767
39 45 0.0044444444444444436
40 45 0.0014814814814814808
43 45 0.0029629629629629628
44 45 0.0088888888888888854
45 45 0.035555555555555542
46 45 0.0088888888888888854
47 45 0.0029629629629629624
31 46 0.0014814814814814801
32 46 0.0019753086419753083
33 46 0.0014814814814814814
38 46 0.0044444444444444436
39 46 0.005925925925925923
40 46 0.0044444444444444453
45 46 0.0088888888888888854
46 46 0.01185185185185185
47 46 0.0088888888888888889
31 47 0.00049382716049382706
32 47 0.0014814814814814814
33 47 0.0059259259259259265
34 47 0.0014814814814814801
35 47 0.00049382716049382696
38 47 0.0014814814814814808
39 47 0.0044444444444444444
40 47 0.017777777777777778
41 47 0.0044444444444444427
42 47 0.0014814814814814805
45 47 0.0029629629629629624
46 47 0.0088888888888888889
47 47 0.035555555555555549
48 47 0.0088888888888888837
49 47 0.0029629629629629619
33 48 0.0014814814814814801
34 48 0.0019753086419753078
35 48 0.0014814814814814808
40 48 0.0044444444444444427
41 48 0.0059259259259259222
42 48 0.0044444444444444427
47 48 0.0088888888888888837
48 48 0.011851851851851848
49 48 0.0088888888888888854
33 49 0.00049382716049382696
34 49 0.001481481481481481
35 49 0.0029629629629629619
40 49 0.0014814814814814805
41 49 0.0044444444444444427
42 49 0.0088888888888888837
47 49 0.0029629629629629619
48 49 0.0088888888888888837
49 49 0.017777777777777767


